100
491
0 107
1 255
2 184
3 238
4 1
5 33
6 78
7 255
8 38
9 61
10 24
11 102
12 48
13 99
14 89
15 171
16 102
17 239
18 138
19 216
20 107
21 80
22 175
23 134
24 53
25 114
26 224
27 59
28 7
29 137
30 171
31 234
32 107
33 117
34 143
35 110
36 36
37 240
38 51
39 199
40 205
41 183
42 247
43 205
44 80
45 24
46 177
47 133
48 224
49 221
50 229
51 212
52 22
53 212
54 10
55 70
56 44
57 16
58 224
59 171
60 26
61 152
62 108
63 172
64 245
65 106
66 136
67 51
68 177
69 74
70 81
71 37
72 176
73 200
74 213
75 106
76 5
77 9
78 192
79 160
80 253
81 169
82 191
83 77
84 72
85 114
86 202
87 57
88 27
89 19
90 115
91 120
92 232
93 25
94 75
95 231
96 74
97 31
98 34
99 134
0 5 5 9
0 11 174 92
0 29 54 92
0 46 68 30
0 53 126 59
0 55 14 57
0 58 147 62
0 61 38 96
0 77 151 27
0 78 179 24
0 90 27 54
0 94 106 95
1 3 178 50
1 4 106 55
1 13 13 77
1 31 137 5
1 34 170 14
1 40 132 80
1 78 241 3
1 82 150 89
1 86 231 55
1 99 36 45
2 9 36 90
2 18 206 38
2 25 102 54
2 34 43 66
2 41 237 37
2 46 89 58
2 48 192 64
2 50 186 13
2 65 226 70
2 72 160 65
2 90 192 36
2 94 89 77
3 5 69 36
3 8 229 76
3 10 110 89
3 17 247 2
3 27 170 50
3 40 159 8
3 42 30 79
3 43 243 7
3 66 115 36
3 71 148 95
3 73 105 38
3 76 61 77
3 79 231 78
3 92 147 31
4 7 1 78
4 20 158 16
4 28 84 58
4 38 135 1
4 42 226 71
4 46 92 48
4 47 232 77
4 53 159 47
4 72 5 27
4 87 238 84
5 12 177 56
5 13 255 8
5 14 44 48
5 16 35 75
5 21 238 20
5 28 178 47
5 42 17 24
5 44 193 51
5 50 193 21
5 60 236 5
5 76 182 52
5 80 32 18
5 88 6 40
5 98 7 11
6 7 8 51
6 11 63 11
6 13 220 29
6 18 138 24
6 22 141 97
6 25 215 28
6 31 32 24
6 61 72 10
6 67 150 58
6 93 248 42
6 98 144 37
7 11 5 82
7 15 205 29
7 24 60 72
7 25 206 62
7 34 99 43
7 53 221 76
7 78 191 43
7 84 142 43
8 21 35 37
8 31 16 16
8 34 31 94
8 49 12 92
8 56 28 79
8 61 58 62
8 68 182 4
8 84 143 66
8 87 4 13
8 89 19 30
8 91 247 37
8 97 145 28
9 22 52 8
9 29 65 16
9 32 190 17
9 37 50 94
9 41 149 38
9 52 248 6
10 11 216 75
10 16 62 30
10 22 126 21
10 40 159 99
10 55 212 90
10 66 40 76
10 90 5 66
10 93 18 4
11 28 125 82
11 30 155 77
11 32 146 46
11 33 81 54
11 51 253 11
11 54 148 15
11 68 97 51
11 81 141 22
11 89 191 92
11 98 171 47
12 17 68 14
12 29 17 77
12 52 95 22
12 66 161 8
12 74 54 10
12 87 192 17
12 95 17 36
13 20 67 10
13 30 206 15
13 32 50 94
13 50 164 58
13 66 134 84
13 70 236 63
13 75 68 33
13 82 17 73
13 85 188 53
13 86 197 74
13 99 232 17
14 34 238 69
14 37 4 43
14 58 60 73
14 74 158 76
14 75 242 40
14 85 243 93
14 99 142 21
15 16 234 1
15 25 164 93
15 43 100 30
15 47 124 17
15 90 155 3
15 97 141 46
16 31 237 81
16 35 235 37
16 36 101 61
16 41 246 4
16 42 45 36
16 44 33 8
16 68 35 70
16 83 129 2
16 88 6 46
16 90 242 97
16 96 211 34
17 34 4 48
17 52 45 11
17 56 85 51
17 58 34 89
17 64 207 54
17 68 88 29
17 90 240 36
17 91 149 90
18 33 225 25
18 44 216 3
18 83 231 97
18 97 118 43
18 99 140 35
19 25 204 58
19 37 73 13
19 46 126 96
19 49 153 32
19 50 4 96
19 60 152 22
19 64 111 25
19 69 206 87
19 71 81 24
19 73 228 82
19 77 148 55
19 84 47 20
19 85 201 59
19 87 157 5
19 89 14 2
19 91 108 5
20 35 174 40
20 38 235 58
20 40 1 87
20 45 250 79
20 49 97 26
20 52 249 9
20 78 155 16
20 88 212 21
20 91 147 42
20 95 161 35
21 30 73 70
21 35 150 70
21 49 192 8
21 57 219 4
21 61 193 79
21 81 179 91
21 83 221 1
21 98 83 27
22 38 172 47
22 39 115 36
22 50 98 25
22 53 105 3
22 75 103 54
22 79 81 14
22 88 159 57
22 92 110 17
23 28 249 43
23 31 173 69
23 36 51 28
23 50 109 1
23 59 88 22
23 60 204 4
23 64 225 94
23 65 231 79
23 70 169 52
23 80 69 2
23 95 65 30
24 31 218 55
24 40 135 86
24 47 205 19
24 65 146 9
24 68 187 5
24 76 133 45
24 80 197 2
25 43 146 7
25 55 119 82
25 66 88 64
25 74 18 78
25 76 97 71
25 83 21 24
25 89 251 5
25 93 47 29
25 98 208 87
26 43 224 8
26 48 176 67
26 58 146 19
26 99 42 53
27 28 120 91
27 44 89 48
27 52 58 85
27 75 152 84
27 88 80 14
28 30 234 55
28 34 232 47
28 59 66 22
28 78 29 45
28 91 50 49
29 40 128 34
29 43 186 1
29 44 54 51
29 72 64 68
29 74 218 6
30 32 107 16
30 52 158 61
30 53 60 32
30 62 27 90
30 67 132 80
30 71 122 22
30 77 39 21
30 95 159 69
31 49 139 16
31 55 167 52
31 78 37 99
31 79 192 15
31 86 57 5
31 99 133 90
32 46 201 72
32 61 6 32
32 64 83 40
32 67 223 9
32 75 216 36
32 85 138 1
33 39 221 63
33 41 243 21
33 43 211 63
33 47 218 33
33 60 26 5
33 65 167 73
33 66 180 76
33 68 156 41
33 71 204 71
33 82 9 59
34 46 197 97
34 66 187 31
34 68 67 32
34 70 66 23
34 74 162 68
34 97 89 78
35 43 204 52
35 68 114 62
35 84 200 5
35 92 253 45
35 98 77 97
36 37 37 36
36 40 230 56
36 41 139 42
36 60 249 97
37 49 163 21
37 52 254 100
37 56 140 66
37 66 135 81
37 73 35 46
37 95 91 89
37 96 7 54
37 99 41 58
38 47 191 92
38 53 8 32
38 56 94 73
38 60 220 81
38 66 177 49
38 76 177 49
38 79 49 85
39 41 113 56
39 59 149 27
39 62 253 49
39 63 52 28
39 64 64 23
39 78 67 65
39 84 192 93
40 50 117 21
40 61 15 88
40 77 130 47
40 79 55 73
40 91 204 31
41 44 76 49
41 76 8 21
41 82 152 9
41 85 216 17
41 94 98 51
42 56 192 79
42 65 131 91
42 83 138 22
42 91 245 74
43 50 206 26
43 62 9 57
43 74 181 14
43 85 119 38
43 87 242 9
43 98 57 51
44 63 69 70
44 77 21 46
45 59 110 37
45 71 28 82
45 93 162 5
45 95 205 39
45 97 178 46
46 47 196 74
46 64 88 91
46 69 216 28
47 53 110 82
47 57 211 66
47 63 160 2
47 71 37 74
47 88 20 61
48 71 5 69
48 88 18 59
48 95 117 58
49 64 29 37
49 72 8 96
49 87 193 99
49 93 101 39
50 53 191 84
50 63 116 99
51 62 115 59
51 63 122 68
51 70 121 9
52 53 205 100
52 61 103 78
52 70 231 100
52 81 10 66
53 60 198 4
53 67 33 72
53 98 158 69
54 61 3 61
54 67 138 11
54 80 1 29
54 92 243 78
55 67 231 90
55 73 203 52
55 74 234 72
55 77 38 8
55 92 41 62
56 64 48 84
56 81 159 70
57 62 231 56
57 64 253 87
57 87 182 75
57 88 187 27
57 99 232 100
58 73 103 58
58 90 64 64
59 60 45 49
59 81 31 89
59 83 208 88
59 95 38 85
60 68 68 65
60 74 209 59
61 62 80 29
61 66 251 100
61 88 68 80
62 80 137 51
62 88 81 78
63 72 233 13
63 81 94 93
63 85 111 5
63 92 131 23
63 97 240 85
64 67 8 31
64 97 183 49
65 82 228 66
65 95 7 15
66 69 134 31
66 70 84 89
66 83 220 89
67 80 143 52
67 81 177 27
67 96 116 89
67 97 161 50
68 71 74 34
68 99 3 90
69 74 148 21
69 82 80 82
69 90 132 84
69 92 234 53
69 98 109 17
70 94 64 95
71 83 95 6
71 85 238 89
71 91 239 58
71 99 216 38
72 77 235 65
72 86 59 13
72 87 23 41
72 91 58 36
72 96 81 16
74 89 45 86
74 92 155 11
75 80 106 96
75 84 209 17
76 80 48 44
76 92 179 17
77 93 62 88
78 87 147 48
79 80 89 40
79 86 15 28
79 90 59 6
80 81 170 14
80 89 127 78
80 90 133 18
80 92 45 59
81 91 146 93
81 95 255 11
81 97 209 46
81 99 152 16
82 90 249 31
82 95 230 77
83 89 152 63
84 86 9 72
84 94 24 20
84 95 17 7
84 97 116 88
85 93 96 32
86 89 249 61
87 96 43 96
87 97 249 42
87 98 196 20
88 90 211 17
88 98 162 63
89 90 171 6
90 99 122 33
91 99 4 99
93 97 91 78
98 99 126 21
