100
131
0 112
1 48
2 7
3 238
4 141
5 242
6 112
7 124
8 108
9 82
10 85
11 40
12 53
13 179
14 158
15 31
16 77
17 124
18 69
19 162
20 159
21 209
22 135
23 175
24 35
25 128
26 131
27 150
28 48
29 184
30 201
31 66
32 218
33 140
34 127
35 104
36 216
37 46
38 21
39 248
40 129
41 76
42 17
43 74
44 110
45 30
46 25
47 47
48 33
49 127
50 153
51 145
52 58
53 57
54 28
55 196
56 57
57 148
58 90
59 43
60 120
61 94
62 52
63 120
64 164
65 167
66 124
67 203
68 129
69 170
70 99
71 157
72 203
73 253
74 148
75 31
76 42
77 38
78 179
79 218
80 246
81 130
82 128
83 56
84 227
85 254
86 88
87 81
88 145
89 66
90 110
91 207
92 112
93 91
94 199
95 120
96 137
97 70
98 244
99 204
1 54 139 82
1 57 21 95
2 58 94 83
2 59 217 52
3 9 104 23
3 11 7 75
3 25 64 44
3 33 18 89
3 61 254 95
3 65 248 51
3 86 205 71
4 21 154 71
4 90 196 49
4 92 44 97
5 92 75 43
5 96 134 33
6 24 91 77
6 78 12 94
7 43 251 72
7 48 113 52
8 39 129 89
9 83 83 56
10 23 67 58
10 25 99 40
11 36 213 93
11 49 188 1
11 60 97 73
11 71 4 36
12 51 204 22
14 17 69 37
14 35 149 88
14 37 7 37
15 35 169 51
15 36 99 77
15 50 127 92
15 71 106 83
16 28 90 42
16 73 141 64
16 86 249 35
18 36 29 39
18 80 80 97
19 20 11 65
19 27 189 96
19 46 168 81
19 95 55 23
19 96 107 88
20 21 165 60
21 56 169 79
21 90 44 54
23 58 225 97
24 43 199 58
24 51 35 48
24 97 222 43
25 84 191 60
26 51 204 11
26 98 139 37
27 46 57 22
27 72 235 81
30 63 151 80
30 86 89 56
30 94 68 90
31 63 234 93
31 93 108 98
31 95 138 92
32 54 156 5
32 99 211 74
33 95 160 90
34 89 46 84
35 49 151 54
35 50 125 33
35 77 140 40
36 62 179 28
37 86 63 94
37 92 48 47
38 76 29 86
39 43 70 22
39 95 3 1
40 86 161 10
41 42 76 18
41 60 48 52
42 78 25 88
43 58 73 79
43 66 55 53
43 70 73 28
44 74 121 3
45 51 141 87
46 55 216 28
46 71 253 15
48 68 13 51
48 77 60 34
49 65 165 17
51 57 42 22
51 80 222 84
52 76 56 73
52 79 190 6
53 86 167 63
54 58 204 29
54 65 8 82
54 93 59 55
56 68 180 2
56 72 23 2
57 62 8 94
58 77 92 40
58 94 151 92
60 87 14 82
61 79 17 10
62 84 12 36
63 80 101 2
63 95 171 46
65 75 51 4
67 91 224 28
68 69 111 1
70 71 159 44
71 77 75 59
72 88 157 100
73 92 244 44
76 94 115 37
78 84 53 88
82 84 109 49
92 96 114 75
0 58 130 76
58 13 135 33
13 22 11 74
22 29 42 19
29 34 115 14
34 74 181 1
74 47 199 38
47 64 199 2
64 67 129 85
67 81 244 25
81 85 85 69
