100
245
0 112
1 48
2 7
3 238
4 141
5 242
6 112
7 124
8 108
9 82
10 85
11 40
12 53
13 179
14 158
15 31
16 77
17 124
18 69
19 162
20 159
21 209
22 135
23 175
24 35
25 128
26 131
27 150
28 48
29 184
30 201
31 66
32 218
33 140
34 127
35 104
36 216
37 46
38 21
39 248
40 129
41 76
42 17
43 74
44 110
45 30
46 25
47 47
48 33
49 127
50 153
51 145
52 58
53 57
54 28
55 196
56 57
57 148
58 90
59 43
60 120
61 94
62 52
63 120
64 164
65 167
66 124
67 203
68 129
69 170
70 99
71 157
72 203
73 253
74 148
75 31
76 42
77 38
78 179
79 218
80 246
81 130
82 128
83 56
84 227
85 254
86 88
87 81
88 145
89 66
90 110
91 207
92 112
93 91
94 199
95 120
96 137
97 70
98 244
99 204
0 3 139 82
1 13 21 95
1 37 94 83
1 54 217 52
1 57 104 23
1 65 7 75
1 85 64 44
2 35 18 89
2 58 254 95
2 59 248 51
2 75 205 71
2 82 154 71
3 4 196 49
3 9 44 97
3 11 75 43
3 12 134 33
3 22 91 77
3 25 12 94
3 29 251 72
3 33 113 52
3 54 129 89
3 61 83 56
3 65 67 58
3 86 99 40
3 88 213 93
3 97 188 1
4 21 97 73
4 63 4 36
4 78 204 22
4 90 69 37
4 92 149 88
4 94 7 37
5 86 169 51
5 92 99 77
5 96 127 92
6 24 106 83
6 28 90 42
6 49 141 64
6 68 249 35
6 78 29 39
7 43 80 97
7 48 11 65
7 67 189 96
7 68 168 81
8 39 55 23
8 42 107 88
8 65 165 60
8 95 169 79
9 33 44 54
9 83 225 97
9 90 199 58
10 23 35 48
10 25 222 43
10 37 191 60
10 49 204 11
10 83 139 37
11 17 57 22
11 36 235 81
11 49 151 80
11 53 89 56
11 60 68 90
11 71 234 93
12 16 108 98
12 51 138 92
13 62 156 5
14 17 211 74
14 21 160 90
14 33 46 84
14 35 151 54
14 37 125 33
14 65 140 40
15 25 179 28
15 35 63 94
15 36 48 47
15 50 29 86
15 71 70 22
15 76 3 1
16 28 161 10
16 73 76 18
16 86 48 52
18 36 25 88
18 79 73 79
18 80 55 53
18 84 73 28
19 20 121 3
19 27 141 87
19 46 216 28
19 72 253 15
19 88 13 51
19 95 60 34
19 96 165 17
19 97 42 22
20 21 222 84
20 58 56 73
21 56 190 6
21 90 167 63
22 33 204 29
23 38 8 82
23 58 59 55
24 40 180 2
24 43 23 2
24 44 8 94
24 51 92 40
24 54 151 92
24 97 14 82
25 28 17 10
25 30 12 36
25 61 101 2
25 84 171 46
25 85 51 4
25 96 224 28
26 32 111 1
26 51 159 44
26 98 75 59
27 46 157 100
27 71 244 44
27 72 115 37
28 78 53 88
28 91 109 49
29 68 114 75
30 41 130 76
30 58 135 33
30 63 11 74
30 86 42 19
30 94 115 14
31 63 181 1
31 93 199 38
31 95 199 2
32 54 129 85
32 99 244 25
33 36 85 69
33 39 123 68
33 41 191 89
33 62 219 16
33 82 106 95
33 95 217 30
33 97 114 74
34 62 183 48
34 68 3 17
34 79 7 83
34 89 240 54
35 49 27 36
35 50 169 85
35 74 73 4
35 77 52 7
35 81 100 63
36 62 237 64
37 79 146 77
37 86 234 45
37 89 180 86
37 92 128 39
38 71 130 97
38 76 56 79
38 91 2 43
39 43 107 35
39 45 144 54
39 95 224 44
40 69 173 79
40 86 215 67
41 42 237 70
41 60 240 35
41 84 209 58
42 76 34 42
42 78 89 7
43 58 54 10
43 66 222 23
43 70 203 87
43 85 89 29
43 89 146 13
44 74 206 8
44 89 213 33
45 51 53 76
46 55 187 41
46 67 205 76
46 71 11 28
47 50 28 87
47 64 111 98
48 68 57 76
48 77 225 95
48 78 184 19
48 83 182 99
48 94 197 5
49 65 85 40
49 80 59 60
49 95 160 16
51 57 106 18
51 71 239 15
51 80 164 2
51 84 99 1
52 59 219 5
52 60 98 43
52 76 46 97
52 79 200 19
53 61 121 75
53 86 67 34
54 58 177 66
54 65 251 65
54 82 63 23
54 93 202 76
55 59 195 46
56 68 31 18
56 72 214 26
56 89 118 73
57 62 33 40
58 77 137 39
58 94 76 74
59 76 45 98
60 61 21 25
60 87 51 21
61 63 110 43
61 73 164 72
61 79 23 86
62 84 183 36
63 74 26 37
63 75 45 34
63 79 182 41
63 80 226 7
63 95 251 13
64 76 167 52
64 79 122 89
64 91 23 17
64 94 143 73
65 75 47 22
65 97 132 84
67 91 156 11
67 93 213 37
68 69 83 59
68 77 253 48
70 71 254 37
70 72 211 98
71 77 178 54
71 80 188 41
71 84 224 5
72 88 243 28
73 92 218 67
73 96 164 2
75 80 19 21
75 91 159 3
76 80 91 6
76 94 43 44
78 84 228 29
82 84 211 24
87 98 135 73
89 98 119 21
92 96 125 20
