100
131
0 112
1 48
2 7
3 238
4 141
5 242
6 112
7 124
8 108
9 82
10 85
11 40
12 53
13 179
14 158
15 31
16 77
17 124
18 69
19 162
20 159
21 209
22 135
23 175
24 35
25 128
26 131
27 150
28 48
29 184
30 201
31 66
32 218
33 140
34 127
35 104
36 216
37 46
38 21
39 248
40 129
41 76
42 17
43 74
44 110
45 30
46 25
47 47
48 33
49 127
50 153
51 145
52 58
53 57
54 28
55 196
56 57
57 148
58 90
59 43
60 120
61 94
62 52
63 120
64 164
65 167
66 124
67 203
68 129
69 170
70 99
71 157
72 203
73 253
74 148
75 31
76 42
77 38
78 179
79 218
80 246
81 130
82 128
83 56
84 227
85 254
86 88
87 81
88 145
89 66
90 110
91 207
92 112
93 91
94 199
95 120
96 137
97 70
98 244
99 204
1 54 139 815
1 57 21 949
2 58 94 823
2 59 217 516
3 9 104 221
3 11 7 747
3 25 64 432
3 33 18 889
3 61 254 942
3 65 248 504
3 86 205 703
4 21 154 707
4 90 196 482
4 92 44 961
5 92 75 427
5 96 134 323
6 24 91 762
6 78 12 933
7 43 251 712
7 48 113 518
8 39 129 885
9 83 83 554
10 23 67 574
10 25 99 394
11 36 213 927
11 49 188 6
11 60 97 729
11 71 4 356
12 51 204 213
14 17 69 363
14 35 149 879
14 37 7 364
15 35 169 504
15 36 99 768
15 50 127 915
15 71 106 827
16 28 90 412
16 73 141 631
16 86 249 342
18 36 29 382
18 80 80 963
19 20 11 648
19 27 189 958
19 46 168 804
19 95 55 230
19 96 107 880
20 21 165 593
21 56 169 787
21 90 44 533
23 58 225 969
24 43 199 575
24 51 35 477
24 97 222 422
25 84 191 599
26 51 204 107
26 98 139 369
27 46 57 216
27 72 235 808
30 63 151 799
30 86 89 555
30 94 68 896
31 63 234 930
31 93 108 978
31 95 138 918
32 54 156 41
32 99 211 733
33 95 160 897
34 89 46 838
35 49 151 537
35 50 125 322
35 77 140 398
36 62 179 278
37 86 63 937
37 92 48 464
38 76 29 853
39 43 70 213
39 95 3 1
40 86 161 93
41 42 76 176
41 60 48 515
42 78 25 880
43 58 73 785
43 66 55 530
43 70 73 274
44 74 121 27
45 51 141 870
46 55 216 276
46 71 253 146
48 68 13 506
48 77 60 336
49 65 165 162
51 57 42 220
51 80 222 837
52 76 56 721
52 79 190 52
53 86 167 624
54 58 204 287
54 65 8 813
54 93 59 546
56 68 180 19
56 72 23 17
57 62 8 936
58 77 92 391
58 94 151 911
60 87 14 820
61 79 17 91
62 84 12 359
63 80 101 19
63 95 171 451
65 75 51 31
67 91 224 271
68 69 111 3
70 71 159 434
71 77 75 588
72 88 157 992
73 92 244 436
76 94 115 363
78 84 53 874
82 84 109 486
92 96 114 744
0 58 130 755
58 13 135 324
13 22 11 736
22 29 42 186
29 34 115 133
34 74 181 10
74 47 199 374
47 64 199 11
64 67 129 849
67 81 244 244
81 85 85 681
