40
79
0 255
1 42
2 73
3 242
4 60
5 124
6 245
7 190
8 138
9 189
10 194
11 168
12 81
13 206
14 133
15 43
16 122
17 101
18 57
19 55
20 8
21 86
22 50
23 241
24 148
25 230
26 170
27 128
28 143
29 47
30 76
31 30
32 17
33 166
34 185
35 163
36 183
37 26
38 179
39 28
0 21 33 51
0 33 53 29
0 38 22 13
1 7 140 9
1 10 75 90
1 20 58 44
1 33 36 41
1 35 176 18
2 13 113 5
2 19 80 51
2 32 47 52
2 34 189 37
3 32 42 47
4 7 161 68
4 20 179 48
4 28 23 34
4 30 25 44
4 32 122 42
5 10 199 63
5 22 251 38
5 24 212 15
6 35 190 83
7 11 100 63
7 15 89 5
7 18 157 57
7 32 128 73
8 14 37 5
8 26 80 13
8 27 62 39
8 37 113 60
9 10 165 44
9 14 142 72
9 20 164 69
9 31 25 13
9 35 15 83
10 22 33 32
11 12 47 15
11 16 170 69
11 19 49 44
11 27 246 87
11 28 34 49
11 32 96 91
12 13 46 68
12 23 159 99
12 24 113 81
12 27 254 55
12 38 66 64
14 29 147 26
14 31 49 45
15 28 39 100
15 33 32 66
16 20 8 39
16 35 212 29
17 28 156 24
18 20 105 68
18 29 217 65
18 34 21 13
18 36 123 78
19 34 121 95
19 36 251 34
20 23 52 35
20 33 167 69
22 29 156 10
22 35 196 74
24 27 62 27
25 26 246 43
25 30 86 1
25 37 222 1
26 36 43 2
26 39 155 73
27 29 157 97
28 36 127 53
28 39 118 72
29 38 148 69
29 39 244 3
30 35 72 87
31 33 77 32
32 37 77 95
34 38 217 76
