100
0 38 4140
1 37 4272
2 40 3987
3 41 4164
4 31 4237
5 31 3963
6 42 3872
7 46 3969
8 43 4185
9 39 4251
10 48 3843
11 33 3973
12 37 3950
13 40 4186
14 29 4057
15 51 4091
16 42 4145
17 29 4033
18 34 3913
19 35 3764
20 39 3992
21 44 4032
22 46 4114
23 53 4056
24 25 3842
25 47 4063
26 38 4095
27 44 3942
28 52 4108
29 48 4126
30 39 3645
31 39 4194
32 42 4185
33 35 3881
34 39 4033
35 41 4241
36 38 4117
37 42 3903
38 37 3962
39 41 4255
40 49 4262
41 43 3838
42 42 3577
43 48 4206
44 39 3841
45 48 4186
46 38 3814
47 36 4110
48 49 3874
49 40 3908
50 43 4091
51 40 4034
52 38 3924
53 40 4145
54 34 3895
55 36 4155
56 43 4152
57 37 3953
58 42 3929
59 41 3892
60 46 3886
61 38 3906
62 38 4075
63 27 4137
64 43 4000
65 36 4011
66 45 3941
67 33 3838
68 39 4121
69 39 3735
70 49 4028
71 39 3794
72 38 3829
73 29 4158
74 47 4048
75 49 3971
76 43 3954
77 36 3860
78 47 3767
79 31 3913
80 39 3864
81 50 4043
82 40 3975
83 31 4160
84 51 4182
85 38 4089
86 41 4093
87 43 4308
88 34 4089
89 49 4092
90 33 3941
91 47 3915
92 30 4173
93 41 4007
94 28 3963
95 39 4000
96 37 3976
97 48 4141
98 43 3841
99 35 4176
1000
4197 B 1 4 56 89 43 1
4198 B 1 2 9 44
4199 C 1 4 27 35 67 49
4200 B 3 3 97 25 40
4201 B 1 4 27 15 45 54
4202 C 1 3 89 38 71
4203 C 1 7 37 42 9 41 65 78 55
4204 C 1 1 31
4205 B 1 4 20 45 65 86
4206 C 1 5 7 20 76 6 51
4207 C 1 5 51 74 45 69 80
4208 C 1 6 82 32 52 44 14 6
4209 B 1 4 69 48 65 2
4210 C 1 4 92 7 27 19
4211 B 1 3 75 55 11
4212 B 1 7 26 42 92 81 83 57 72
4213 C 1 10 36 88 55 54 19 82 23 72 20 78
4214 C 3 5 50 48 17 92 29
4215 C 1 5 17 34 7 60 89
4216 B 1 1 99
4217 B 1 1 20
4218 B 3 5 14 65 99 95 35
4219 B 1 2 12 8
4220 C 3 5 99 26 15 69 47
4221 C 1 2 69 86
4222 C 1 4 69 30 84 56
4223 C 3 3 13 53 31
4224 C 1 4 88 70 79 67
4225 C 1 3 24 81 82
4226 B 3 3 71 28 23
4227 C 1 2 92 21
4228 B 3 6 43 44 53 64 9 78
4229 C 1 4 10 96 43 75
4230 C 1 7 2 5 22 74 35 30 78
4231 B 1 5 82 26 7 80 47
4232 C 1 5 28 7 21 53 42
4233 A 1 4 61 58 97 62
4234 B 1 3 78 27 61
4235 C 1 2 3 24
4236 B 1 1 0
4237 B 1 4 67 27 79 98
4238 B 1 4 18 43 74 37
4239 B 1 4 81 76 26 63
4240 B 1 1 27
4241 B 1 4 61 6 4 32
4242 B 1 1 10
4243 B 1 3 29 83 98
4244 C 3 5 61 46 99 85 33
4245 B 3 3 85 86 79
4246 C 1 7 11 19 50 56 87 2 92
4247 A 1 4 34 18 5 67
4248 C 3 5 50 43 41 91 29
4249 C 3 6 25 41 91 97 86 50
4250 A 1 5 89 53 54 12 84
4251 A 3 3 67 27 79
4252 C 3 5 57 65 70 54 32
4253 B 1 5 69 44 8 41 43
4254 C 1 1 72
4255 A 3 3 51 36 57
4256 B 3 9 89 62 68 27 49 93 74 76 23
4257 B 1 4 49 30 63 74
4258 B 1 3 38 73 33
4259 B 1 6 40 55 60 41 3 98
4260 B 3 3 85 12 32
4261 B 1 3 53 5 46
4262 C 1 8 19 22 92 85 42 88 61 48
4263 B 1 3 39 16 2
4264 B 1 1 99
4265 C 1 5 29 73 75 82 38
4266 B 1 3 2 88 10
4267 B 1 7 41 4 91 15 71 12 48
4268 C 1 5 76 53 47 20 4
4269 B 1 4 25 72 15 42
4270 B 1 10 54 52 30 13 62 8 68 17 59 34
4271 B 1 3 76 14 24
4272 C 1 2 92 2
4273 A 3 4 6 94 17 26
4274 C 1 6 55 62 35 44 14 50
4275 C 1 6 69 17 96 66 89 57
4276 B 1 1 84
4277 C 1 6 29 74 63 10 22 78
4278 C 1 1 63
4279 C 1 3 17 31 85
4280 A 1 4 8 93 43 29
4281 C 3 3 37 45 62
4282 C 1 8 34 90 59 51 12 52 73 29
4283 C 1 3 71 17 45
4284 B 1 2 47 42
4285 C 1 7 26 52 25 54 64 40 7
4286 C 1 4 92 88 54 77
4287 B 1 6 10 87 42 1 67 43
4288 C 1 5 17 18 24 70 6
4289 C 1 3 93 75 97
4290 C 1 6 75 55 15 2 28 49
4291 B 3 5 24 39 60 91 87
4292 C 1 6 35 43 12 72 26 70
4293 C 1 4 95 91 22 40
4294 C 1 1 98
4295 B 1 3 13 44 31
4296 B 1 5 70 2 97 22 9
4297 B 1 1 67
4298 B 1 4 24 23 84 92
4299 B 1 3 7 82 79
4300 C 1 7 63 26 91 0 54 65 41
4301 A 1 4 52 68 60 44
4302 C 1 4 20 52 73 45
4303 A 3 6 8 25 85 23 64 26
4304 C 1 9 90 94 45 48 49 18 31 72 83
4305 B 1 5 45 73 71 81 66
4306 C 1 1 50
4307 B 1 3 71 53 68
4308 C 1 1 50
4309 C 1 4 60 14 15 42
4310 B 1 3 51 85 36
4311 C 1 4 22 32 97 12
4312 A 1 3 10 85 59
4313 B 1 4 96 33 75 51
4314 C 3 3 37 92 40
4315 B 3 3 64 98 86
4316 A 1 4 31 64 83 80
4317 A 3 4 34 62 85 50
4318 B 1 3 56 53 45
4319 C 1 3 20 91 96
4320 B 1 1 4
4321 B 3 7 31 38 81 29 88 42 56
4322 A 1 3 84 30 55
4323 B 1 2 36 65
4324 B 1 3 8 82 42
4325 A 1 2 54 50
4326 B 1 4 57 31 92 47
4327 C 1 4 46 36 26 68
4328 B 1 3 81 77 62
4329 C 1 5 57 8 14 16 89
4330 C 1 8 50 64 33 41 2 3 48 51
4331 B 1 1 91
4332 A 3 4 25 50 65 60
4333 C 1 6 20 74 96 4 3 73
4334 B 3 7 72 27 55 62 87 85 6
4335 B 3 5 3 84 50 71 73
4336 B 1 4 63 5 60 20
4337 B 3 4 76 82 18 68
4338 C 1 3 33 51 81
4339 C 1 3 61 1 17
4340 B 1 5 93 58 72 35 97
4341 B 1 5 39 78 20 94 87
4342 C 1 3 29 68 6
4343 B 1 6 99 96 28 65 60 20
4344 C 1 5 52 46 61 93 75
4345 B 1 6 25 46 79 69 34 89
4346 C 1 8 99 54 61 29 2 85 64 76
4347 C 1 5 5 9 23 10 19
4348 C 1 5 2 33 80 9 38
4349 A 1 4 96 1 95 71
4350 A 3 3 98 32 48
4351 B 3 8 30 20 45 70 62 38 40 19
4352 B 1 3 55 18 95
4353 B 1 5 21 55 44 60 88
4354 C 1 6 88 69 51 16 31 77
4355 C 3 4 92 58 61 11
4356 C 1 5 99 85 19 80 86
4357 B 1 3 22 83 89
4358 C 1 4 17 8 18 78
4359 C 1 5 9 75 94 77 41
4360 C 1 5 71 65 45 44 88
4361 B 3 3 15 39 61
4362 B 1 3 62 42 97
4363 A 1 2 59 27
4364 C 1 3 28 21 83
4365 B 3 4 37 82 29 75
4366 C 1 7 17 3 26 92 56 32 73
4367 A 1 2 90 95
4368 C 1 4 13 20 58 90
4369 B 1 4 47 55 19 93
4370 C 1 5 5 32 90 15 29
4371 B 3 5 88 26 36 67 18
4372 C 1 7 23 79 12 3 24 57 58
4373 B 1 1 84
4374 B 1 3 31 65 56
4375 C 1 2 37 77
4376 C 1 5 76 50 73 13 42
4377 B 1 2 25 92
4378 A 1 4 73 74 37 48
4379 C 1 4 99 47 64 51
4380 C 1 9 89 14 61 28 8 36 30 2 59
4381 B 3 4 65 94 63 71
4382 C 1 2 89 98
4383 C 1 2 96 30
4384 C 1 6 13 76 5 36 47 12
4385 A 1 2 89 74
4386 B 1 3 30 16 80
4387 B 1 3 11 37 55
4388 B 3 3 23 78 69
4389 C 1 5 35 53 84 26 92
4390 C 1 3 62 51 89
4391 C 1 3 67 10 9
4392 C 3 5 70 66 73 78 36
4393 B 1 2 59 19
4394 A 3 5 37 57 91 71 62
4395 B 3 4 64 61 5 84
4396 B 3 3 64 98 24
4397 C 1 6 96 52 92 37 97 74
4398 C 1 4 85 6 36 69
4399 C 1 5 61 4 97 41 51
4400 C 1 7 80 62 48 55 58 12 5
4401 C 1 5 10 61 63 74 29
4402 B 1 6 7 8 47 54 73 43
4403 B 1 4 53 58 49 70
4404 B 1 5 65 3 11 55 94
4405 A 3 5 58 87 91 78 10
4406 C 3 5 3 87 10 39 27
4407 B 1 8 92 22 1 40 81 99 15 30
4408 B 1 3 99 95 98
4409 B 1 1 34
4410 C 1 4 90 36 0 78
4411 B 1 1 39
4412 C 1 6 92 39 31 26 33 53
4413 B 1 11 47 11 78 25 16 13 18 29 68 79 20
4414 C 1 4 21 86 84 51
4415 C 1 4 43 56 11 17
4416 C 1 3 45 79 78
4417 B 1 5 25 43 12 4 32
4418 C 1 2 83 90
4419 B 3 3 50 74 56
4420 A 3 3 2 82 30
4421 C 1 1 43
4422 C 1 3 96 47 92
4423 A 3 4 63 54 60 94
4424 C 1 4 11 23 65 62
4425 C 1 5 7 15 92 19 2
4426 B 1 1 64
4427 B 1 1 2
4428 B 3 4 28 55 86 42
4429 C 1 3 99 33 25
4430 C 1 1 71
4431 A 1 1 46
4432 B 3 7 81 6 0 77 76 27 69
4433 C 1 2 92 46
4434 C 1 5 69 77 1 38 78
4435 C 1 5 96 98 29 13 62
4436 A 1 3 43 98 62
4437 B 1 6 77 18 20 17 92 65
4438 C 1 2 85 81
4439 B 1 2 28 21
4440 B 1 4 73 64 80 38
4441 B 1 2 39 69
4442 B 3 5 56 72 30 12 97
4443 B 1 6 37 85 9 3 63 52
4444 B 1 4 87 16 40 94
4445 B 3 9 34 33 39 79 74 27 41 42 68
4446 C 1 4 79 14 97 90
4447 C 1 2 93 71
4448 C 1 3 13 83 24
4449 C 1 4 30 66 21 22
4450 B 1 4 87 73 40 9
4451 B 1 4 12 46 39 75
4452 B 1 3 8 14 74
4453 B 1 6 4 60 38 82 61 34
4454 B 1 4 14 47 63 99
4455 B 3 3 88 57 16
4456 B 1 5 78 51 39 10 72
4457 C 1 4 31 51 54 44
4458 A 3 3 84 88 22
4459 B 1 6 74 45 39 67 38 37
4460 A 1 6 21 66 89 40 35 6
4461 A 3 3 14 39 40
4462 B 3 3 61 23 28
4463 B 1 2 9 26
4464 C 1 2 19 28
4465 C 1 3 82 51 9
4466 C 1 3 34 93 53
4467 B 1 4 5 93 20 25
4468 B 1 3 96 24 86
4469 C 1 4 11 66 37 97
4470 B 3 3 18 57 84
4471 A 3 4 3 1 69 17
4472 B 1 4 70 15 38 6
4473 C 1 4 18 17 55 87
4474 B 1 6 57 68 84 43 90 25
4475 C 1 6 25 22 38 17 94 51
4476 A 3 3 49 81 7
4477 B 3 3 17 51 8
4478 C 1 3 40 28 34
4479 C 1 3 2 39 4
4480 C 3 4 73 69 61 29
4481 C 1 5 88 41 98 99 38
4482 B 1 7 42 59 37 31 78 4 17
4483 A 3 3 73 44 27
4484 B 3 3 65 18 76
4485 B 1 5 24 46 43 42 11
4486 A 1 7 77 17 80 30 20 43 95
4487 B 1 7 92 41 17 26 67 19 47
4488 B 1 1 66
4489 C 1 1 97
4490 C 3 4 0 4 17 39
4491 B 1 3 27 63 55
4492 B 3 3 72 24 64
4493 C 1 5 98 3 89 58 16
4494 B 1 3 52 10 23
4495 B 1 2 1 63
4496 B 3 5 6 86 60 33 92
4497 B 1 6 27 84 57 47 14 4
4498 C 1 2 8 49
4499 B 1 6 83 93 61 3 20 58
4500 C 3 3 36 16 61
4501 B 3 4 66 9 81 43
4502 B 1 8 84 83 50 7 53 33 31 86
4503 C 1 7 26 49 15 47 32 29 78
4504 B 1 3 53 7 9
4505 A 1 3 14 44 95
4506 B 1 3 87 94 30
4507 A 3 4 12 83 22 58
4508 C 1 3 6 71 87
4509 A 3 3 36 71 50
4510 B 1 3 41 89 13
4511 B 1 2 66 77
4512 B 3 7 54 67 1 95 49 13 26
4513 B 3 5 25 41 1 40 5
4514 C 1 8 46 66 72 21 47 42 74 81
4515 B 1 3 14 18 76
4516 A 3 7 60 87 11 63 44 1 30
4517 C 1 7 63 78 19 2 38 14 5
4518 B 3 3 59 20 1
4519 A 1 3 53 4 6
4520 C 1 5 0 17 68 56 62
4521 B 1 5 80 42 49 75 16
4522 A 1 1 84
4523 B 1 7 75 47 58 0 51 48 49
4524 C 1 4 41 32 56 89
4525 C 3 7 23 25 86 10 60 45 6
4526 B 3 8 99 23 79 94 35 83 86 67
4527 C 1 3 53 44 15
4528 A 3 3 74 27 35
4529 A 1 5 50 92 54 18 63
4530 B 1 5 25 24 64 63 46
4531 B 1 4 50 72 82 76
4532 C 3 4 25 88 47 96
4533 B 3 4 35 25 13 11
4534 A 1 4 35 86 20 24
4535 B 3 9 81 12 48 18 84 59 49 68 56
4536 B 1 7 63 90 66 69 48 93 38
4537 B 1 6 8 29 66 30 14 87
4538 B 3 7 69 9 96 85 17 35 63
4539 B 1 4 82 44 29 55
4540 B 1 2 37 19
4541 A 3 4 45 6 74 58
4542 C 1 5 59 9 66 14 74
4543 B 3 4 86 71 87 7
4544 B 3 3 36 29 26
4545 C 1 7 67 5 97 44 4 21 96
4546 B 3 5 24 50 0 27 22
4547 B 1 9 27 84 10 25 39 54 49 32 29
4548 C 1 3 26 98 6
4549 C 1 2 61 51
4550 B 3 8 34 82 71 97 77 39 6 19
4551 A 1 1 27
4552 B 1 5 80 4 63 86 56
4553 C 1 4 65 18 54 88
4554 B 1 2 9 48
4555 B 1 4 81 71 25 37
4556 C 1 3 7 87 68
4557 B 1 3 11 62 24
4558 B 3 3 35 74 80
4559 B 3 3 44 94 8
4560 B 1 7 34 27 52 51 57 87 50
4561 B 1 3 12 29 44
4562 C 1 8 6 96 87 34 39 15 43 65
4563 B 1 8 37 76 1 9 19 55 97 15
4564 C 1 3 2 99 40
4565 B 1 3 24 14 95
4566 B 3 4 39 37 41 57
4567 B 3 4 94 17 43 47
4568 C 1 3 60 7 96
4569 B 3 4 36 29 73 6
4570 B 1 7 50 78 9 14 29 25 71
4571 A 1 2 65 59
4572 C 1 1 89
4573 B 1 6 97 1 35 72 19 24
4574 C 1 3 4 13 10
4575 C 1 5 20 80 58 2 40
4576 C 1 5 63 18 87 10 64
4577 C 3 4 18 24 20 28
4578 B 1 6 9 38 15 10 78 61
4579 B 1 4 58 93 27 31
4580 B 1 1 84
4581 C 1 4 84 23 59 66
4582 B 1 8 33 67 98 61 35 52 46 87
4583 C 3 3 30 54 43
4584 B 1 3 30 73 91
4585 B 1 4 45 64 31 74
4586 C 1 7 27 40 65 68 21 82 22
4587 B 1 3 35 50 56
4588 A 3 3 32 94 41
4589 B 1 1 47
4590 A 1 3 34 82 81
4591 C 1 5 47 54 83 15 1
4592 B 3 3 55 82 0
4593 B 1 8 92 13 49 33 1 26 42 7
4594 C 3 5 31 57 33 41 25
4595 C 1 1 54
4596 B 1 3 41 82 24
4597 B 1 5 37 97 19 35 61
4598 C 1 4 97 26 37 40
4599 B 1 8 24 0 82 73 23 94 97 20
4600 C 1 4 61 85 4 32
4601 B 3 5 34 41 16 55 7
4602 B 3 7 67 86 16 19 7 69 17
4603 B 1 2 21 75
4604 C 1 7 45 18 11 93 31 54 75
4605 C 1 6 61 47 53 74 30 86
4606 C 1 8 98 6 55 93 77 17 83 32
4607 C 1 4 40 92 15 19
4608 B 3 4 94 38 52 55
4609 A 1 3 54 38 80
4610 A 1 3 80 32 73
4611 C 3 4 8 13 4 84
4612 B 1 6 16 45 57 3 84 41
4613 B 1 4 75 74 15 97
4614 C 3 8 86 17 5 76 21 61 71 45
4615 C 1 3 33 44 87
4616 C 1 5 98 99 32 82 47
4617 B 1 3 92 78 18
4618 A 3 5 16 70 2 72 42
4619 C 1 6 12 62 71 3 81 87
4620 C 1 5 46 17 74 89 2
4621 A 1 3 17 63 76
4622 A 3 3 28 43 60
4623 B 1 3 27 78 99
4624 C 1 4 62 47 55 54
4625 C 3 4 25 98 21 38
4626 A 3 3 15 89 46
4627 A 3 4 46 37 54 53
4628 B 1 4 21 46 48 15
4629 B 3 3 60 28 31
4630 B 3 4 23 98 45 1
4631 C 1 5 82 36 25 65 52
4632 B 1 6 1 79 49 91 20 55
4633 B 1 2 56 99
4634 A 1 5 59 8 13 0 65
4635 C 1 2 55 9
4636 C 3 6 61 78 40 10 18 6
4637 B 1 3 98 53 78
4638 B 1 5 97 26 30 55 29
4639 B 3 4 27 18 85 80
4640 B 1 5 26 23 62 20 32
4641 B 1 4 2 35 93 74
4642 C 1 2 50 51
4643 B 1 7 76 12 73 55 92 47 90
4644 C 1 5 94 4 36 67 23
4645 B 1 7 72 23 6 37 45 9 80
4646 A 1 6 67 43 47 72 73 84
4647 B 1 6 37 32 57 91 69 94
4648 B 1 3 73 86 94
4649 B 3 4 78 14 31 23
4650 B 1 5 29 30 78 42 45
4651 B 3 3 24 1 38
4652 B 3 4 15 84 87 29
4653 B 1 5 80 30 5 50 37
4654 A 3 6 41 86 42 24 96 3
4655 B 1 7 97 22 46 38 34 5 31
4656 B 1 6 95 99 34 52 67 8
4657 B 1 5 41 96 85 10 60
4658 C 1 3 74 34 20
4659 A 1 7 79 51 0 93 64 58 97
4660 B 3 3 48 42 7
4661 B 3 3 16 79 30
4662 B 1 3 12 32 63
4663 B 1 1 65
4664 C 1 6 53 37 23 58 91 82
4665 B 1 2 24 74
4666 B 3 3 58 3 73
4667 C 1 5 68 38 42 31 59
4668 B 3 3 89 98 85
4669 C 1 1 86
4670 C 1 6 2 0 30 63 44 24
4671 B 1 5 7 12 3 70 41
4672 C 3 10 14 71 18 46 17 88 94 43 87 57
4673 B 3 8 88 13 80 54 76 3 44 53
4674 B 1 3 64 48 73
4675 C 1 2 96 15
4676 B 1 3 21 71 95
4677 C 1 4 49 16 17 40
4678 B 1 4 68 86 55 57
4679 B 1 4 71 62 16 83
4680 C 1 5 51 85 32 61 69
4681 C 1 7 23 35 88 19 41 27 56
4682 B 1 3 68 63 13
4683 C 1 6 7 56 99 52 20 73
4684 C 1 5 6 62 8 89 86
4685 C 1 4 57 53 4 69
4686 B 3 8 60 23 42 81 59 46 66 7
4687 C 1 4 51 85 9 61
4688 B 1 7 11 9 1 98 24 14 71
4689 B 1 7 51 68 65 39 50 42 23
4690 C 3 6 29 11 18 90 74 73
4691 B 1 3 56 79 82
4692 B 1 3 99 3 58
4693 C 1 4 27 15 88 12
4694 B 1 6 22 23 83 3 86 63
4695 B 1 4 94 88 63 71
4696 C 1 5 56 96 39 34 82
4697 B 1 1 72
4698 A 1 3 22 14 10
4699 C 3 3 41 76 94
4700 A 1 1 73
4701 B 1 4 31 87 10 88
4702 A 1 3 11 74 60
4703 B 1 4 34 69 2 54
4704 B 3 4 92 75 29 80
4705 C 1 5 41 10 88 83 25
4706 C 1 4 84 79 87 97
4707 B 1 8 70 51 76 12 19 4 68 98
4708 A 1 8 41 64 1 9 95 74 72 98
4709 B 1 1 26
4710 C 1 3 18 15 6
4711 B 3 4 64 16 51 66
4712 C 1 3 16 34 63
4713 B 3 5 93 52 87 23 28
4714 B 3 3 62 59 11
4715 C 1 1 25
4716 B 3 3 55 91 4
4717 A 1 3 68 50 89
4718 B 3 3 85 24 37
4719 C 1 3 92 41 21
4720 B 3 5 52 76 66 53 60
4721 B 1 7 35 7 70 20 96 69 44
4722 C 1 4 42 59 6 94
4723 C 1 9 57 61 54 19 40 30 11 89 79
4724 C 1 4 37 84 6 41
4725 B 1 2 33 40
4726 C 1 5 47 67 78 90 11
4727 C 3 6 94 61 88 71 74 44
4728 B 3 3 86 85 44
4729 C 1 4 95 45 8 37
4730 C 1 4 96 25 77 0
4731 C 1 2 19 75
4732 B 1 4 16 97 68 15
4733 C 1 4 78 18 27 23
4734 C 1 6 23 10 38 79 51 59
4735 C 1 5 81 15 17 34 52
4736 B 1 2 25 33
4737 C 1 8 27 49 80 90 51 19 37 82
4738 C 1 4 59 96 30 86
4739 C 1 4 91 59 70 78
4740 B 1 7 48 90 87 6 86 10 75
4741 B 1 5 24 49 58 96 37
4742 B 1 6 88 70 68 6 3 7
4743 C 1 3 48 40 61
4744 B 3 3 43 65 33
4745 A 1 1 28
4746 C 1 1 55
4747 B 1 6 50 39 14 96 31 69
4748 B 3 3 41 34 97
4749 C 1 7 82 65 77 64 79 70 5
4750 C 3 3 11 91 26
4751 B 1 6 97 99 7 92 70 85
4752 A 1 4 95 94 40 64
4753 C 3 3 86 72 19
4754 B 1 5 75 47 15 98 18
4755 B 3 3 88 89 98
4756 B 1 4 75 20 8 52
4757 B 1 5 82 54 63 80 18
4758 B 3 5 68 14 54 1 44
4759 B 1 6 91 98 27 44 92 97
4760 A 3 3 95 66 79
4761 B 1 4 91 27 50 45
4762 B 1 3 28 79 72
4763 C 1 3 91 87 57
4764 C 1 5 92 98 49 41 36
4765 B 3 3 38 91 16
4766 A 3 4 5 50 78 81
4767 C 1 3 4 57 8
4768 C 1 4 50 86 97 82
4769 B 1 5 75 69 53 30 25
4770 B 1 7 44 91 89 79 8 24 57
4771 B 1 6 76 48 6 54 86 8
4772 B 1 8 94 21 16 73 13 12 57 18
4773 B 1 5 75 66 92 51 88
4774 B 3 3 71 39 31
4775 B 3 3 26 31 40
4776 B 1 7 41 96 77 89 3 53 20
4777 B 1 4 43 86 47 83
4778 A 1 4 33 50 65 34
4779 B 1 6 44 58 71 89 9 0
4780 B 1 2 29 62
4781 C 1 7 27 75 45 86 70 66 3
4782 B 1 6 95 44 75 79 59 41
4783 B 1 3 55 12 31
4784 C 1 5 89 31 17 21 24
4785 C 1 2 1 68
4786 B 1 4 63 86 14 6
4787 B 1 7 4 6 60 73 91 24 34
4788 C 1 3 37 68 67
4789 C 1 2 19 40
4790 C 1 5 78 53 3 21 8
4791 B 3 5 62 51 30 53 5
4792 B 1 4 26 56 66 7
4793 B 3 4 53 17 85 50
4794 C 1 2 3 75
4795 C 1 1 51
4796 B 3 4 19 98 84 39
4797 A 3 7 27 77 41 29 48 19 40
4798 B 1 2 1 25
4799 B 1 4 71 49 3 0
4800 C 1 14 85 27 45 41 2 89 61 24 40 5 55 43 32 20
4801 B 1 2 14 39
4802 B 1 2 30 39
4803 B 3 3 27 28 53
4804 A 1 3 88 86 43
4805 C 1 8 60 1 10 26 86 82 48 49
4806 B 1 7 27 74 36 31 37 89 80
4807 C 1 1 73
4808 C 1 3 39 11 6
4809 C 1 3 96 83 5
4810 C 1 6 81 72 85 45 94 76
4811 B 1 3 17 54 25
4812 C 1 2 34 69
4813 B 1 4 16 80 20 57
4814 C 1 8 48 24 0 95 13 7 56 85
4815 C 1 2 61 19
4816 B 1 3 37 29 34
4817 C 1 5 70 33 49 14 80
4818 C 3 5 45 31 38 21 76
4819 C 1 2 47 15
4820 B 1 5 4 60 24 78 82
4821 A 1 5 64 82 42 21 95
4822 B 1 4 98 45 50 27
4823 B 1 5 20 74 37 83 7
4824 C 1 6 54 49 76 64 97 80
4825 C 1 5 81 90 7 41 93
4826 B 3 3 80 29 85
4827 B 1 2 68 97
4828 C 1 3 21 24 35
4829 B 1 2 41 34
4830 C 1 5 80 47 74 59 79
4831 C 1 4 15 44 9 99
4832 B 1 3 25 36 29
4833 B 1 2 90 39
4834 C 1 2 88 10
4835 C 1 3 1 19 93
4836 B 1 4 46 23 12 60
4837 C 1 5 94 47 3 90 10
4838 C 1 4 92 54 29 98
4839 C 1 7 79 20 42 75 47 26 92
4840 C 1 5 45 81 98 96 73
4841 B 3 3 14 20 28
4842 C 1 5 10 59 81 74 80
4843 C 1 2 89 59
4844 C 1 2 79 53
4845 B 1 5 19 72 36 1 18
4846 B 1 5 52 82 59 42 65
4847 C 1 6 24 65 94 6 9 35
4848 A 3 3 88 46 61
4849 B 1 2 50 80
4850 C 1 5 96 25 2 34 29
4851 C 3 4 86 65 33 90
4852 C 3 7 76 75 80 95 42 63 26
4853 B 1 5 85 90 81 93 35
4854 B 1 3 89 58 24
4855 B 1 5 28 8 19 29 27
4856 C 1 1 72
4857 C 1 1 57
4858 C 1 2 45 29
4859 C 1 3 76 30 0
4860 C 1 8 50 42 23 26 96 97 30 52
4861 C 1 3 6 34 18
4862 C 1 5 92 68 69 7 94
4863 B 1 5 18 86 20 2 83
4864 B 1 10 57 92 15 86 52 55 43 45 25 36
4865 C 1 3 14 76 44
4866 B 1 5 33 60 46 20 89
4867 B 1 1 57
4868 C 1 7 83 87 72 8 79 48 49
4869 C 1 7 95 7 77 1 34 51 9
4870 C 1 5 23 59 71 30 82
4871 B 3 7 21 49 92 93 67 20 94
4872 B 1 2 37 93
4873 C 3 4 75 90 0 10
4874 B 3 3 28 84 38
4875 B 1 4 22 80 8 89
4876 B 1 2 67 37
4877 B 1 2 77 40
4878 C 1 5 54 8 87 61 27
4879 B 1 4 75 55 14 52
4880 C 1 6 44 69 59 66 83 51
4881 C 1 5 32 16 18 30 25
4882 A 3 3 57 82 29
4883 B 1 6 1 58 94 65 19 97
4884 B 1 4 68 46 84 66
4885 B 1 5 53 14 38 17 89
4886 C 1 6 32 44 22 26 38 43
4887 B 3 3 74 37 9
4888 B 1 6 68 50 3 70 82 24
4889 C 3 7 69 13 88 10 59 12 14
4890 B 1 3 54 18 61
4891 A 3 5 62 24 71 25 52
4892 C 1 2 18 36
4893 B 1 6 58 94 97 60 55 39
4894 B 1 3 5 25 93
4895 C 1 3 54 48 43
4896 C 1 3 94 37 30
4897 B 1 2 30 16
4898 C 1 3 89 33 93
4899 B 1 3 56 45 58
4900 C 1 7 83 40 76 95 57 41 62
4901 B 1 3 71 91 62
4902 C 1 1 46
4903 B 1 2 45 92
4904 A 3 4 75 88 48 74
4905 B 1 3 54 77 12
4906 B 1 2 78 54
4907 B 1 6 36 23 34 13 28 76
4908 B 3 3 84 60 30
4909 B 3 3 14 91 64
4910 B 1 9 54 99 94 66 26 30 46 67 92
4911 C 1 3 42 32 72
4912 B 3 4 46 52 16 68
4913 B 1 5 37 97 63 57 3
4914 C 1 4 24 53 40 18
4915 A 1 3 57 5 64
4916 B 1 4 52 88 8 66
4917 B 3 3 67 33 46
4918 B 3 3 24 81 22
4919 B 1 6 40 36 97 71 76 89
4920 C 1 7 27 87 91 70 2 65 51
4921 C 1 3 10 24 43
4922 C 1 3 33 68 61
4923 C 1 6 57 81 21 28 20 42
4924 C 1 1 62
4925 C 1 5 17 86 27 43 99
4926 A 3 3 56 32 51
4927 B 1 5 69 45 32 17 18
4928 C 1 6 2 16 75 98 82 69
4929 B 3 3 85 82 79
4930 A 3 3 8 88 93
4931 C 1 3 3 67 81
4932 C 1 3 41 0 37
4933 C 1 4 16 77 50 22
4934 B 1 6 81 70 30 80 83 9
4935 C 1 9 63 2 57 85 18 19 71 0 12
4936 B 3 4 37 91 88 71
4937 B 1 4 46 70 88 64
4938 C 1 7 39 88 79 19 10 80 97
4939 C 1 5 85 7 11 89 82
4940 B 1 4 28 8 89 69
4941 B 1 5 67 79 1 46 97
4942 C 3 3 96 98 82
4943 C 1 4 75 34 54 18
4944 C 3 9 18 53 26 23 17 10 98 75 13
4945 A 3 3 3 80 61
4946 C 1 8 50 33 22 88 99 32 27 20
4947 A 1 4 86 96 16 32
4948 C 1 4 82 64 12 72
4949 A 1 5 72 98 82 94 34
4950 B 1 4 2 52 61 5
4951 B 3 3 38 17 18
4952 C 1 6 89 4 97 5 47 22
4953 C 1 2 15 46
4954 C 1 5 95 53 58 64 19
4955 B 1 2 62 13
4956 C 1 5 38 95 76 83 3
4957 B 1 4 30 96 17 5
4958 C 3 3 60 16 71
4959 B 1 3 27 7 46
4960 C 1 2 24 19
4961 A 1 5 18 69 8 34 36
4962 C 1 5 76 49 74 82 30
4963 A 1 3 71 11 78
4964 B 1 1 61
4965 B 1 2 87 34
4966 C 1 8 90 81 92 85 28 36 18 96
4967 B 1 3 49 66 50
4968 C 1 3 80 24 32
4969 B 1 1 71
4970 B 1 7 19 74 78 4 40 12 46
4971 A 3 3 11 59 9
4972 C 1 4 33 40 35 18
4973 C 1 2 3 2
4974 C 1 5 13 62 80 25 57
4975 C 1 3 9 56 93
4976 B 1 5 96 88 83 41 37
4977 C 1 2 98 41
4978 C 3 4 98 6 93 69
4979 C 1 4 99 61 92 34
4980 C 1 6 24 76 47 65 6 22
4981 C 1 4 70 38 11 35
4982 C 1 5 93 1 22 79 43
4983 C 1 5 51 29 50 55 33
4984 C 1 2 18 8
4985 C 1 4 58 94 14 82
4986 B 3 7 41 52 3 66 44 4 46
4987 B 1 5 98 85 6 61 49
4988 B 1 5 82 62 22 52 77
4989 B 1 2 74 75
4990 B 1 6 74 99 9 66 50 80
4991 B 3 3 61 5 41
4992 B 3 4 75 5 17 81
4993 C 1 8 85 82 92 87 0 3 75 43
4994 B 1 2 43 60
4995 C 1 9 14 90 53 63 15 2 18 92 13
4996 C 1 7 98 61 83 75 78 72 69
4997 C 1 6 54 70 15 45 95 80
4998 C 1 2 69 66
4999 A 1 3 92 20 97
5000 B 1 4 79 63 57 45
5001 A 1 4 43 27 36 18
5002 B 1 4 65 25 12 41
5003 B 1 4 69 28 41 84
5004 B 3 6 68 56 93 88 43 90
5005 B 3 5 36 24 35 84 61
5006 B 1 7 8 32 5 78 61 86 88
5007 C 1 6 72 45 46 69 93 64
5008 C 1 1 7
5009 B 1 1 19
5010 B 1 6 42 29 46 83 61 97
5011 A 1 1 58
5012 C 1 3 72 58 13
5013 B 1 1 96
5014 B 1 5 53 62 9 75 6
5015 B 1 4 71 64 50 30
5016 B 3 8 25 61 21 20 80 72 63 35
5017 B 1 1 48
5018 B 1 3 75 98 91
5019 B 1 4 35 52 76 8
5020 A 3 6 17 54 72 1 77 40
5021 A 1 3 23 37 53
5022 B 3 5 58 69 23 31 11
5023 B 1 1 55
5024 C 1 4 51 12 30 93
5025 B 1 5 8 1 57 42 4
5026 C 1 2 73 25
5027 C 1 3 41 66 15
5028 C 1 4 73 74 33 29
5029 B 1 4 12 2 78 91
5030 C 3 6 95 31 50 66 75 13
5031 C 1 1 71
5032 C 1 6 95 8 51 75 71 87
5033 B 3 5 14 74 72 31 32
5034 B 3 5 90 92 8 70 29
5035 B 1 4 10 38 79 24
5036 B 1 2 86 40
5037 C 1 4 53 90 32 59
5038 C 3 3 94 68 26
5039 B 1 6 47 49 10 20 94 98
5040 B 1 3 77 16 85
5041 B 3 5 38 10 43 9 87
5042 C 3 3 94 38 19
5043 B 1 5 31 49 65 66 39
5044 B 1 1 39
5045 C 3 4 33 46 92 93
5046 C 1 2 32 42
5047 C 1 3 55 11 3
5048 B 1 3 14 41 43
5049 B 1 2 31 3
5050 C 1 1 92
5051 B 1 8 34 48 8 71 23 21 97 84
5052 C 1 4 64 31 0 84
5053 C 3 7 53 10 1 9 95 28 87
5054 C 1 3 56 77 96
5055 B 3 4 37 86 1 93
5056 B 1 7 9 36 68 50 8 80 37
5057 B 1 2 27 78
5058 C 1 4 62 59 76 23
5059 B 1 1 88
5060 B 1 3 35 49 51
5061 B 1 1 39
5062 C 1 3 11 31 32
5063 C 1 3 3 79 36
5064 C 1 2 62 35
5065 B 3 3 74 67 0
5066 B 1 7 77 36 54 37 81 44 51
5067 B 3 4 77 64 61 7
5068 B 3 3 95 29 53
5069 C 1 3 17 26 59
5070 C 1 1 44
5071 C 1 4 84 68 30 70
5072 C 1 7 19 40 21 46 68 44 34
5073 C 1 7 53 89 27 26 40 85 93
5074 B 3 3 92 86 97
5075 B 1 2 31 51
5076 A 1 3 19 97 39
5077 C 1 5 48 19 90 38 89
5078 C 1 5 23 55 46 52 57
5079 C 1 2 20 34
5080 B 1 4 35 69 76 60
5081 C 1 2 42 19
5082 B 1 5 88 67 83 1 41
5083 A 1 3 46 13 18
5084 B 3 7 60 54 56 34 89 95 71
5085 C 3 5 29 65 28 6 45
5086 C 1 4 44 27 1 86
5087 C 1 1 81
5088 C 1 1 12
5089 B 1 3 94 68 76
5090 B 1 6 72 85 28 5 98 80
5091 B 1 5 92 27 56 60 90
5092 A 1 1 88
5093 C 1 3 93 22 1
5094 C 1 4 55 83 71 38
5095 B 1 1 96
5096 B 3 3 67 92 23
5097 B 1 5 31 43 55 60 18
5098 C 1 5 31 17 92 83 62
5099 B 1 3 44 61 41
5100 B 1 7 1 71 56 31 44 47 61
5101 C 1 7 99 83 10 76 51 2 29
5102 B 1 4 24 25 54 49
5103 C 1 5 25 85 86 10 55
5104 B 1 1 85
5105 C 1 5 21 43 80 22 31
5106 B 1 6 68 46 36 97 41 93
5107 A 3 4 62 76 45 28
5108 B 3 3 39 78 82
5109 A 3 3 80 4 87
5110 C 1 7 89 63 58 85 30 38 35
5111 C 1 2 4 65
5112 A 1 3 68 8 66
5113 B 1 1 52
5114 B 1 3 70 30 19
5115 B 1 6 93 63 30 47 57 9
5116 B 3 4 60 65 11 93
5117 C 1 5 97 61 20 1 98
5118 B 1 4 43 44 40 1
5119 C 1 4 26 49 85 40
5120 C 1 3 86 70 74
5121 C 1 8 59 11 74 35 21 58 88 53
5122 C 1 2 82 80
5123 B 1 3 47 11 70
5124 C 1 1 0
5125 C 1 6 57 1 95 22 81 80
5126 B 1 5 19 40 68 1 31
5127 C 1 6 62 46 12 17 19 31
5128 B 3 3 72 90 2
5129 C 1 4 23 88 11 34
5130 B 1 5 4 37 24 30 13
5131 B 3 3 57 18 45
5132 C 1 5 59 32 36 75 29
5133 B 1 5 56 31 13 67 5
5134 B 1 3 13 81 43
5135 B 1 4 7 43 99 85
5136 A 1 6 38 47 68 70 81 43
5137 B 3 3 12 1 31
5138 C 1 4 3 73 59 11
5139 C 1 1 46
5140 C 3 6 24 90 48 9 39 76
5141 B 1 1 93
5142 C 1 2 93 30
5143 C 1 4 44 71 48 60
5144 B 1 2 70 41
5145 C 1 4 90 94 73 69
5146 C 1 1 94
5147 C 1 4 27 2 75 23
5148 B 1 5 58 67 66 37 3
5149 B 3 5 67 86 82 50 39
5150 C 1 4 95 72 30 60
5151 C 1 1 78
5152 C 1 4 26 3 32 16
5153 B 1 4 92 64 8 72
5154 B 1 5 28 10 58 79 96
5155 C 1 4 81 20 44 72
5156 B 3 5 59 74 32 7 97
5157 B 1 7 86 8 74 33 96 82 99
5158 C 1 5 82 35 5 81 67
5159 B 1 1 19
5160 B 3 3 52 46 2
5161 B 1 1 30
5162 C 1 2 41 59
5163 A 1 1 57
5164 B 3 3 36 22 63
5165 C 1 2 12 77
5166 B 1 3 6 3 73
5167 C 1 4 11 67 42 97
5168 C 1 4 35 11 28 83
5169 C 1 5 3 49 33 93 28
5170 C 1 1 22
5171 C 1 4 52 50 66 80
5172 B 1 3 51 26 12
5173 B 1 4 92 9 63 62
5174 B 3 3 9 32 96
5175 C 1 7 23 97 79 16 74 20 5
5176 C 1 7 30 7 2 95 99 19 49
5177 B 3 3 60 25 34
5178 B 1 3 22 48 81
5179 B 1 5 32 75 20 68 96
5180 C 1 3 67 28 36
5181 C 3 3 45 96 25
5182 C 1 6 46 11 94 60 74 16
5183 C 1 5 4 2 11 57 52
5184 B 1 6 95 92 55 63 86 85
5185 C 1 5 71 84 3 30 2
5186 B 3 4 10 47 13 59
5187 C 1 3 14 48 16
5188 B 3 3 51 14 88
5189 B 1 1 90
5190 C 1 7 22 89 27 3 38 33 17
5191 C 1 2 79 29
5192 C 1 5 40 55 11 89 73
5193 C 1 4 11 25 79 88
5194 C 3 7 55 53 1 61 83 48 18
5195 C 1 2 91 32
5196 A 1 3 7 76 28
