50
0 13 1628
1 30 2291
2 13 2715
3 25 3371
4 33 2757
5 23 1988
6 22 1346
7 20 1373
8 18 2910
9 15 4493
10 19 1528
11 13 4114
12 25 1737
13 18 1000
14 19 1000
15 23 2535
16 20 1128
17 22 2867
18 22 2317
19 18 3553
20 19 1913
21 22 1244
22 22 2634
23 12 2390
24 24 2251
25 13 2684
26 32 2840
27 26 1000
28 19 1775
29 20 1483
30 21 1366
31 17 1908
32 15 3163
33 20 4942
34 29 1378
35 15 1257
36 19 1489
37 20 1520
38 24 4100
39 18 1000
40 19 1000
41 21 1900
42 14 2908
43 21 2371
44 19 2015
45 24 2235
46 17 2285
47 26 1196
48 20 3073
49 22 2038
800
4147 C 1 4 45 42 10 37
4148 A 3 5 48 31 16 42 27
4149 C 1 1 5
4150 C 1 5 19 32 27 34 45
4151 B 1 7 23 48 33 9 10 26 40
4152 B 1 7 18 9 39 35 47 31 28
4153 B 3 3 8 34 43
4154 B 1 2 24 13
4155 C 3 3 5 0 24
4156 B 1 3 46 18 49
4157 A 1 7 16 33 31 38 21 23 12
4158 C 1 6 34 47 24 0 32 23
4159 A 1 5 6 25 18 41 16
4160 B 1 10 3 28 39 24 18 14 23 29 7 45
4161 B 1 2 46 11
4162 B 1 6 40 28 9 39 32 46
4163 B 3 5 26 40 45 7 22
4164 C 1 4 37 20 27 33
4165 B 1 2 4 14
4166 C 3 5 18 44 46 6 39
4167 C 1 4 38 27 23 7
4168 C 1 2 24 20
4169 B 1 1 21
4170 C 1 3 33 1 38
4171 B 1 5 49 39 30 44 47
4172 C 1 6 19 48 28 46 44 43
4173 B 1 4 0 45 5 39
4174 C 1 5 32 16 45 26 38
4175 A 3 7 26 42 46 16 30 25 4
4176 B 3 3 49 22 33
4177 C 3 4 30 36 2 34
4178 C 1 2 6 30
4179 C 3 4 6 30 19 21
4180 C 1 4 25 14 46 22
4181 B 3 3 11 26 28
4182 C 3 4 37 1 25 36
4183 B 3 5 39 20 8 48 3
4184 B 1 1 24
4185 B 1 4 1 24 6 16
4186 B 3 3 15 41 9
4187 B 1 5 22 30 31 18 0
4188 A 1 1 28
4189 B 3 3 25 14 47
4190 C 1 3 4 39 32
4191 B 1 4 24 47 18 33
4192 B 1 4 36 7 9 20
4193 C 1 7 16 13 35 15 41 28 7
4194 C 1 3 41 14 21
4195 C 1 7 8 32 12 4 18 15 44
4196 C 1 5 36 18 6 35 19
4197 B 1 3 45 46 9
4198 B 1 4 9 13 25 19
4199 B 1 2 38 42
4200 B 1 3 17 22 47
4201 B 1 5 44 46 6 12 16
4202 C 1 3 39 38 22
4203 C 1 5 5 16 10 28 32
4204 C 1 3 28 37 26
4205 B 1 7 8 17 10 35 1 34 28
4206 B 3 3 1 29 15
4207 C 1 3 28 47 49
4208 C 1 3 25 1 37
4209 B 3 5 47 37 46 28 22
4210 C 1 3 33 2 22
4211 C 1 7 24 36 17 39 2 14 49
4212 C 3 3 13 39 17
4213 C 1 2 36 48
4214 A 1 3 32 47 49
4215 B 1 9 14 33 31 13 40 10 22 12 18
4216 B 1 1 8
4217 B 1 2 24 34
4218 B 1 4 22 37 31 42
4219 B 1 2 11 22
4220 A 1 2 32 29
4221 B 1 3 37 39 6
4222 A 3 3 22 25 35
4223 A 1 5 2 46 24 9 42
4224 C 1 1 13
4225 B 1 8 25 22 42 13 38 3 33 12
4226 B 1 4 42 24 41 25
4227 B 1 2 29 5
4228 B 1 5 40 23 39 29 33
4229 B 1 8 45 35 11 31 36 28 22 29
4230 B 3 3 2 46 34
4231 B 1 3 9 16 15
4232 B 1 5 9 42 34 1 14
4233 C 1 1 21
4234 B 1 1 4
4235 C 1 2 28 6
4236 B 3 6 11 19 14 7 47 32
4237 C 1 3 27 20 3
4238 B 3 4 46 6 18 4
4239 B 1 1 26
4240 B 1 3 1 12 21
4241 B 1 8 21 14 48 30 1 47 3 7
4242 B 1 4 13 15 27 42
4243 B 1 3 7 33 27
4244 C 3 3 16 47 42
4245 C 3 3 49 21 7
4246 B 1 2 8 7
4247 C 1 3 46 47 23
4248 C 1 4 14 7 26 27
4249 A 1 6 11 37 17 34 3 24
4250 B 3 7 14 11 38 16 20 4 17
4251 C 1 5 2 33 5 19 39
4252 B 3 3 43 22 27
4253 B 3 3 20 3 7
4254 C 1 1 40
4255 C 1 3 6 0 36
4256 B 1 5 7 19 38 20 3
4257 B 3 4 40 4 8 43
4258 C 1 4 35 47 27 6
4259 C 1 4 36 45 18 37
4260 B 3 3 46 9 30
4261 C 1 1 4
4262 C 1 3 44 21 13
4263 B 1 9 3 8 42 44 5 49 12 24 0
4264 A 3 4 21 32 25 12
4265 C 1 5 21 31 48 42 12
4266 B 1 3 1 26 47
4267 C 1 4 4 14 43 23
4268 C 1 2 36 19
4269 C 1 9 34 40 29 9 6 5 2 8 7
4270 B 3 3 12 13 42
4271 B 3 6 32 8 31 6 20 11
4272 A 3 11 36 43 25 45 29 14 3 6 40 19 15
4273 C 1 4 17 33 42 9
4274 C 1 3 2 19 45
4275 B 3 5 38 1 13 18 48
4276 B 1 9 29 45 32 34 9 4 11 35 40
4277 B 1 4 47 34 43 48
4278 B 1 4 18 9 8 48
4279 C 1 3 20 42 41
4280 B 1 3 19 37 12
4281 C 1 2 43 22
4282 B 1 7 13 2 30 12 1 6 48
4283 C 1 5 16 15 27 26 3
4284 C 1 4 17 22 43 20
4285 B 1 12 11 17 10 18 20 19 44 33 30 24 9 1
4286 B 1 3 29 23 21
4287 C 1 3 0 35 42
4288 C 1 6 24 30 42 2 5 21
4289 B 3 6 31 0 49 47 9 20
4290 B 3 5 8 6 36 31 28
4291 B 3 4 4 43 9 42
4292 B 1 6 25 35 10 43 49 17
4293 C 1 5 26 18 41 44 28
4294 B 1 4 25 0 21 34
4295 B 1 2 42 31
4296 C 1 7 21 26 39 44 31 10 9
4297 B 3 3 4 9 0
4298 C 3 5 27 26 21 7 8
4299 B 1 5 33 32 43 14 1
4300 B 3 6 45 27 25 28 15 32
4301 B 1 7 3 13 18 0 23 16 24
4302 C 1 3 8 21 5
4303 C 1 6 6 39 33 29 46 18
4304 B 1 3 24 41 35
4305 B 1 2 17 36
4306 B 3 3 21 2 15
4307 B 3 3 13 34 23
4308 A 1 5 49 5 45 4 0
4309 B 1 5 47 10 4 31 8
4310 C 1 5 45 0 26 14 22
4311 C 1 6 14 40 25 13 48 22
4312 C 1 3 1 20 30
4313 B 1 5 3 23 14 22 35
4314 C 1 4 7 17 18 28
4315 B 1 3 16 47 28
4316 B 3 4 31 5 10 12
4317 C 1 3 29 41 0
4318 A 1 4 1 5 18 36
4319 C 1 3 12 16 24
4320 B 1 4 42 9 11 33
4321 A 1 6 7 24 47 18 2 10
4322 A 1 3 45 25 48
4323 B 1 8 4 10 12 18 30 48 33 42
4324 B 1 6 19 43 35 9 21 5
4325 B 3 6 13 14 48 19 3 4
4326 B 3 6 40 48 11 39 21 2
4327 B 1 3 45 41 5
4328 B 3 3 26 5 29
4329 C 1 1 36
4330 C 1 5 33 2 19 32 43
4331 C 1 5 34 17 44 18 2
4332 B 1 3 9 15 39
4333 B 3 3 36 3 22
4334 C 1 4 29 5 12 47
4335 B 1 6 42 31 20 22 39 1
4336 C 1 2 15 9
4337 C 1 4 26 23 10 49
4338 A 1 1 5
4339 A 3 3 4 30 0
4340 C 1 1 15
4341 C 1 3 8 5 37
4342 B 1 5 16 12 21 31 33
4343 C 1 6 36 34 40 2 8 9
4344 B 3 3 24 13 42
4345 B 1 7 44 4 32 12 22 42 33
4346 C 1 6 21 8 2 15 24 29
4347 C 1 3 19 45 5
4348 C 1 5 31 6 47 46 27
4349 C 3 3 24 7 17
4350 C 1 1 47
4351 B 3 5 39 37 25 7 32
4352 C 1 3 0 23 38
4353 A 1 3 38 22 7
4354 B 1 3 14 38 32
4355 C 1 2 40 1
4356 C 1 1 44
4357 C 1 3 22 15 21
4358 C 1 6 17 43 32 11 20 24
4359 A 3 3 5 34 31
4360 C 1 1 38
4361 B 1 4 5 25 8 48
4362 B 3 4 23 14 42 49
4363 B 1 4 18 41 19 26
4364 C 1 4 33 22 48 5
4365 B 1 3 32 34 47
4366 B 3 6 25 35 2 5 24 29
4367 B 1 5 32 13 27 19 36
4368 C 1 3 46 16 33
4369 B 1 6 37 6 22 49 46 23
4370 C 1 6 47 13 5 49 18 2
4371 B 1 3 17 20 0
4372 B 1 2 11 6
4373 C 1 5 39 2 10 0 35
4374 B 3 4 18 10 49 26
4375 C 1 5 6 22 40 5 3
4376 B 1 4 20 17 19 13
4377 B 1 7 4 30 12 25 24 38 41
4378 B 3 3 46 1 48
4379 B 1 5 36 31 40 4 34
4380 B 3 6 17 29 20 39 8 13
4381 B 1 3 45 48 23
4382 B 1 4 0 26 43 2
4383 A 1 1 1
4384 C 1 2 48 16
4385 C 1 3 9 44 40
4386 B 1 4 11 16 9 47
4387 C 1 2 3 20
4388 C 1 1 22
4389 C 1 1 13
4390 B 1 3 28 46 13
4391 C 1 3 18 29 23
4392 C 3 3 32 11 49
4393 C 3 4 37 20 24 3
4394 B 3 3 9 10 7
4395 C 1 1 21
4396 B 3 3 9 0 2
4397 C 1 2 37 1
4398 C 1 6 44 32 27 20 28 12
4399 B 3 3 12 28 21
4400 B 1 4 15 42 40 36
4401 B 1 3 42 4 43
4402 B 1 3 32 33 43
4403 B 1 1 7
4404 B 3 6 3 46 43 31 30 21
4405 B 3 7 16 11 37 38 35 19 31
4406 A 1 2 31 23
4407 B 3 4 43 6 2 32
4408 C 1 5 41 28 26 16 11
4409 B 1 2 33 3
4410 B 3 3 21 48 19
4411 C 1 3 28 6 39
4412 B 1 5 0 41 46 29 37
4413 B 1 5 4 11 0 21 2
4414 B 3 4 44 22 34 26
4415 C 1 3 40 17 0
4416 B 1 2 32 16
4417 B 3 6 4 35 3 41 17 15
4418 B 3 7 35 30 45 14 41 49 0
4419 B 1 1 40
4420 A 3 3 8 6 12
4421 B 1 5 35 29 31 20 24
4422 C 1 6 32 31 9 25 40 18
4423 A 3 4 43 20 21 9
4424 B 3 3 40 31 24
4425 B 1 3 47 33 18
4426 B 3 3 2 15 25
4427 C 1 3 3 1 41
4428 B 1 1 26
4429 B 1 5 25 49 8 9 42
4430 C 1 7 47 26 42 41 3 17 49
4431 B 3 6 44 4 18 28 17 49
4432 B 1 4 19 42 47 20
4433 C 1 6 35 47 24 32 31 16
4434 A 1 1 28
4435 B 3 6 15 22 37 45 0 9
4436 B 1 3 24 32 27
4437 B 1 3 27 0 17
4438 B 1 1 37
4439 B 1 1 44
4440 B 1 6 44 38 45 34 4 2
4441 C 1 5 26 31 30 32 19
4442 C 1 4 17 39 8 3
4443 B 1 2 3 39
4444 C 1 4 34 18 41 36
4445 B 1 3 30 32 18
4446 B 1 4 4 32 29 39
4447 C 1 3 24 46 31
4448 C 1 8 36 23 22 33 44 9 35 5
4449 C 1 3 36 17 4
4450 B 1 5 25 19 10 40 22
4451 B 1 4 32 1 34 40
4452 B 1 2 14 5
4453 C 1 3 32 33 40
4454 C 1 8 44 32 24 43 18 48 6 5
4455 A 1 3 20 45 22
4456 B 1 2 21 8
4457 C 1 6 14 27 11 39 38 43
4458 C 3 5 16 31 0 40 48
4459 B 1 3 15 8 10
4460 C 1 3 16 11 12
4461 B 1 5 31 10 15 49 12
4462 C 1 1 29
4463 A 3 8 2 21 8 14 34 32 44 43
4464 B 1 9 49 36 26 39 24 32 27 6 11
4465 C 1 3 28 27 17
4466 B 1 5 0 25 37 43 3
4467 C 3 5 46 1 2 20 33
4468 C 1 6 37 14 26 18 2 33
4469 A 3 5 16 40 22 36 21
4470 C 1 5 38 33 8 20 9
4471 A 1 4 18 17 26 19
4472 B 1 5 39 30 17 32 14
4473 B 1 4 24 10 41 19
4474 C 1 4 22 36 44 6
4475 B 1 1 20
4476 A 3 4 42 49 0 20
4477 B 1 2 5 1
4478 B 3 3 24 25 9
4479 C 1 1 38
4480 C 1 5 23 49 8 40 14
4481 B 1 6 24 8 27 32 49 31
4482 C 1 4 17 23 29 37
4483 B 3 6 39 38 41 48 26 2
4484 B 1 4 35 47 48 33
4485 C 1 4 17 5 0 16
4486 A 3 5 3 34 47 13 41
4487 C 1 6 27 19 33 9 23 30
4488 C 1 6 30 10 1 23 40 4
4489 B 1 6 10 11 43 45 4 30
4490 C 1 4 41 39 29 35
4491 A 3 3 48 25 38
4492 C 1 4 9 48 26 38
4493 C 1 6 32 30 20 25 10 31
4494 C 1 5 5 0 6 8 45
4495 C 1 3 3 29 23
4496 B 1 4 40 16 42 48
4497 B 1 7 11 7 26 14 24 6 28
4498 A 1 3 38 8 40
4499 B 1 5 0 31 45 5 49
4500 C 1 4 17 1 31 28
4501 C 1 6 17 48 27 5 18 32
4502 B 1 5 44 29 36 39 21
4503 C 1 3 7 1 8
4504 B 1 5 29 26 13 46 18
4505 B 1 5 34 47 42 43 3
4506 C 1 6 44 3 22 32 17 8
4507 A 1 5 41 22 33 44 16
4508 B 1 5 29 26 41 7 13
4509 B 3 4 34 26 42 23
4510 B 1 3 18 44 27
4511 B 1 4 45 29 11 0
4512 B 1 6 24 44 41 29 37 6
4513 B 1 5 38 18 32 46 1
4514 B 1 4 3 6 19 48
4515 B 3 3 8 3 38
4516 B 1 5 1 16 11 29 45
4517 B 1 8 17 24 42 0 3 6 45 30
4518 C 1 6 8 36 25 40 44 39
4519 B 3 7 5 47 46 28 15 9 20
4520 B 1 3 1 32 42
4521 B 3 3 17 28 25
4522 B 1 4 39 46 37 11
4523 B 1 3 8 29 26
4524 B 1 4 4 20 18 9
4525 C 1 1 36
4526 B 1 1 28
4527 B 3 6 48 11 4 24 42 1
4528 B 1 5 35 6 13 3 11
4529 B 1 4 26 40 21 32
4530 C 1 3 15 30 22
4531 C 1 4 8 21 40 39
4532 B 1 4 22 11 28 43
4533 C 1 4 46 12 49 5
4534 B 3 7 18 29 17 41 15 40 0
4535 B 3 11 42 36 7 33 0 20 9 1 49 15 31
4536 A 3 4 22 34 26 20
4537 B 1 7 39 21 7 41 26 14 31
4538 C 1 4 31 37 16 25
4539 B 3 3 37 31 10
4540 B 1 5 48 39 13 41 1
4541 C 1 2 25 39
4542 B 1 1 43
4543 B 1 4 9 39 43 6
4544 C 1 4 1 16 23 11
4545 B 1 4 3 34 9 41
4546 C 1 6 42 20 22 23 18 19
4547 B 1 7 40 46 5 16 33 9 15
4548 B 3 3 15 35 33
4549 C 1 5 7 4 29 37 43
4550 B 1 2 6 5
4551 B 1 6 27 34 29 26 45 36
4552 C 1 4 2 38 18 23
4553 C 1 6 14 1 3 0 25 38
4554 C 3 4 40 49 30 15
4555 C 1 4 46 6 0 34
4556 C 1 2 25 32
4557 B 3 5 11 49 46 15 45
4558 C 1 6 42 28 21 12 2 33
4559 B 1 3 36 1 26
4560 C 1 3 49 11 28
4561 C 1 5 43 3 29 16 10
4562 B 1 5 38 9 4 15 3
4563 B 1 4 27 22 41 39
4564 B 1 3 10 48 12
4565 B 3 3 41 37 2
4566 B 1 4 31 45 18 3
4567 B 3 3 7 44 47
4568 B 3 5 13 19 44 8 14
4569 B 3 6 28 27 26 2 29 31
4570 C 1 4 37 32 22 13
4571 B 1 4 9 17 41 16
4572 B 1 6 2 15 28 5 21 38
4573 B 1 3 19 36 26
4574 B 1 3 34 6 3
4575 C 1 5 20 29 39 17 18
4576 B 1 3 28 3 47
4577 B 1 9 43 3 29 48 26 8 5 12 32
4578 C 1 3 1 46 14
4579 C 1 4 6 4 44 22
4580 A 3 5 41 17 26 42 44
4581 B 1 5 30 5 14 48 35
4582 C 1 2 42 37
4583 C 1 2 8 27
4584 C 1 6 34 26 20 25 33 18
4585 C 1 5 37 42 18 6 36
4586 B 1 2 17 32
4587 B 1 2 29 6
4588 C 1 3 32 28 19
4589 C 1 2 16 45
4590 C 1 3 15 2 41
4591 B 1 4 49 36 40 46
4592 C 1 1 21
4593 B 1 2 5 48
4594 B 3 5 44 15 17 13 38
4595 C 1 3 7 13 27
4596 B 3 8 14 47 44 35 36 43 46 3
4597 B 3 4 35 24 31 26
4598 C 1 3 28 1 11
4599 B 1 4 36 8 14 40
4600 B 1 4 36 29 20 9
4601 C 1 3 13 3 41
4602 C 1 3 30 7 34
4603 B 1 6 15 30 32 22 43 1
4604 A 1 9 38 41 15 29 25 5 9 28 14
4605 B 3 7 26 3 29 4 31 8 27
4606 C 1 4 47 23 32 16
4607 B 1 3 20 32 4
4608 C 1 2 38 42
4609 B 1 5 1 13 39 41 16
4610 B 3 3 26 10 34
4611 B 1 4 24 22 15 30
4612 B 1 5 16 48 11 6 34
4613 C 1 2 30 35
4614 C 1 6 34 15 36 5 49 18
4615 C 1 10 39 42 20 44 12 2 16 26 25 7
4616 A 3 4 9 1 48 6
4617 C 1 2 7 18
4618 C 1 4 1 27 7 17
4619 C 1 5 15 44 27 34 1
4620 B 1 5 30 36 5 44 16
4621 B 1 5 1 5 15 25 40
4622 B 3 4 43 30 49 10
4623 C 1 8 1 22 7 35 27 15 13 16
4624 B 1 4 43 39 25 45
4625 B 1 3 5 6 41
4626 C 3 3 41 37 19
4627 C 1 3 11 24 6
4628 C 1 2 48 45
4629 B 1 7 1 30 13 2 11 7 14
4630 B 1 8 48 7 37 13 5 12 29 33
4631 A 3 4 40 1 23 29
4632 A 3 7 3 28 20 48 45 6 46
4633 C 1 5 22 28 21 11 6
4634 C 1 5 25 3 36 32 39
4635 C 1 5 6 39 22 23 1
4636 B 1 2 23 38
4637 C 3 3 27 42 9
4638 C 1 5 17 23 45 20 11
4639 B 1 1 34
4640 A 1 8 27 12 6 34 36 21 25 14
4641 C 1 3 44 34 19
4642 B 1 4 33 10 27 12
4643 C 1 1 45
4644 B 1 3 48 3 33
4645 C 1 3 0 9 25
4646 C 1 5 8 41 15 13 28
4647 A 3 4 28 5 0 4
4648 A 1 11 11 13 38 3 7 37 32 47 36 42 22
4649 B 3 3 32 3 30
4650 B 1 5 22 1 20 45 17
4651 C 1 6 3 43 48 4 40 19
4652 B 3 4 45 39 7 26
4653 C 1 3 2 41 28
4654 B 1 2 36 1
4655 C 1 3 18 45 38
4656 A 3 5 28 15 33 10 4
4657 B 3 4 39 18 3 40
4658 B 1 6 25 0 11 10 27 9
4659 B 3 4 35 30 27 23
4660 A 1 4 44 3 7 23
4661 B 1 2 41 8
4662 C 3 7 23 27 33 4 35 8 41
4663 B 3 3 10 45 30
4664 B 1 5 35 28 11 12 14
4665 B 1 3 26 35 41
4666 C 1 5 41 18 31 46 45
4667 C 1 2 35 16
4668 C 1 4 20 26 23 7
4669 B 1 5 33 10 23 43 30
4670 B 1 5 6 31 20 18 21
4671 B 1 3 6 0 2
4672 A 1 6 5 16 22 8 38 25
4673 C 1 6 45 36 44 4 22 14
4674 B 1 5 19 42 24 37 33
4675 C 1 4 26 27 32 6
4676 C 3 6 21 2 43 26 46 0
4677 B 3 3 33 22 19
4678 B 1 5 3 22 41 7 1
4679 B 3 3 32 2 20
4680 B 3 5 12 31 25 1 45
4681 C 1 7 18 8 26 1 46 13 40
4682 C 1 2 16 33
4683 B 3 3 19 48 49
4684 C 1 5 48 45 7 31 46
4685 C 1 5 5 35 43 20 31
4686 B 1 6 21 20 2 7 8 28
4687 C 1 3 1 10 32
4688 B 1 4 49 3 12 38
4689 C 1 6 1 20 8 31 27 11
4690 C 1 3 35 11 7
4691 C 1 5 12 30 15 18 23
4692 A 3 3 26 41 9
4693 C 1 2 7 26
4694 A 1 2 32 28
4695 B 1 6 19 18 26 38 31 16
4696 C 1 8 45 46 29 36 6 26 49 11
4697 B 1 3 13 19 24
4698 C 1 5 44 14 47 21 17
4699 C 1 5 30 11 42 0 47
4700 B 1 2 30 43
4701 B 1 7 41 24 3 42 25 40 15
4702 C 1 5 42 47 33 26 1
4703 B 3 6 47 1 8 3 22 35
4704 C 1 4 22 24 37 1
4705 B 3 3 18 31 40
4706 B 3 3 13 27 26
4707 B 1 6 40 1 20 24 45 9
4708 B 1 1 24
4709 B 1 3 14 30 3
4710 B 1 6 4 33 23 40 41 11
4711 C 1 3 4 12 34
4712 C 1 3 10 48 23
4713 B 1 2 30 0
4714 C 1 4 43 19 3 44
4715 A 1 4 27 16 42 38
4716 B 1 4 15 23 43 0
4717 C 1 5 25 27 14 4 35
4718 A 3 3 40 0 21
4719 C 1 6 5 24 27 21 41 17
4720 B 1 8 35 24 23 10 36 0 1 31
4721 B 1 5 24 46 14 41 8
4722 B 1 1 9
4723 C 1 5 42 6 15 1 11
4724 A 1 7 28 46 9 41 42 37 38
4725 B 3 6 15 18 0 30 27 8
4726 C 1 7 39 1 42 11 34 31 28
4727 C 1 3 7 25 17
4728 B 1 4 48 35 39 44
4729 B 1 5 11 6 47 2 8
4730 C 1 6 47 19 38 25 45 21
4731 B 1 2 16 34
4732 B 1 5 37 44 21 32 36
4733 C 1 3 34 20 7
4734 B 3 3 7 44 37
4735 C 1 2 9 21
4736 C 1 6 12 3 21 0 20 5
4737 B 3 4 23 49 36 42
4738 B 1 2 29 44
4739 C 1 6 40 0 7 47 6 13
4740 C 1 3 0 5 16
4741 C 1 2 41 27
4742 C 1 1 45
4743 C 1 4 22 0 45 41
4744 A 1 2 11 4
4745 A 1 1 15
4746 B 1 2 40 31
4747 B 3 3 46 13 32
4748 B 1 4 31 47 24 38
4749 C 1 5 44 18 48 9 7
4750 C 1 6 0 17 41 1 28 3
4751 C 3 4 47 1 36 43
4752 B 3 7 43 33 12 42 38 24 17
4753 B 3 3 3 16 46
4754 C 1 4 35 11 32 14
4755 B 1 3 21 0 20
4756 C 3 3 19 45 2
4757 B 1 3 0 10 14
4758 C 1 3 40 32 33
4759 C 1 7 39 37 3 23 49 22 38
4760 C 1 9 42 35 4 47 9 16 18 20 25
4761 B 1 3 8 29 33
4762 B 3 3 17 26 10
4763 B 1 3 20 33 10
4764 B 1 3 20 24 46
4765 C 1 3 27 39 16
4766 B 1 6 18 28 32 24 39 16
4767 C 1 4 43 23 30 13
4768 B 3 3 9 38 11
4769 B 1 4 41 47 49 8
4770 C 1 4 40 22 44 20
4771 C 1 7 5 37 6 41 46 7 13
4772 B 1 5 44 19 16 7 10
4773 B 3 6 42 8 6 19 21 25
4774 B 1 7 30 27 42 32 35 1 45
4775 B 1 3 42 47 49
4776 C 3 4 49 7 37 28
4777 B 1 1 15
4778 C 1 2 13 33
4779 C 1 7 39 35 46 17 26 34 30
4780 B 1 3 40 8 43
4781 B 1 11 41 11 30 33 9 7 13 19 46 43 12
4782 B 1 4 19 20 32 18
4783 B 1 6 6 37 8 44 20 38
4784 C 1 4 46 23 25 17
4785 C 1 5 5 26 24 45 15
4786 B 3 5 15 12 20 48 13
4787 B 3 3 39 43 44
4788 C 1 5 11 45 5 21 35
4789 C 1 4 0 41 9 23
4790 B 1 2 34 23
4791 C 1 8 14 29 41 39 17 6 42 31
4792 C 1 6 8 21 22 20 19 47
4793 C 1 5 22 31 24 43 13
4794 C 1 1 46
4795 C 1 6 42 15 38 2 12 0
4796 B 1 2 16 35
4797 B 1 3 17 7 47
4798 A 1 5 6 18 29 10 32
4799 B 1 6 8 32 0 11 33 43
4800 C 1 9 26 4 32 15 8 23 18 41 16
4801 B 3 3 42 13 19
4802 B 1 6 9 20 7 36 0 30
4803 C 1 9 17 49 31 43 37 22 23 3 25
4804 B 1 5 48 35 10 36 27
4805 B 1 3 38 36 33
4806 B 1 3 24 40 4
4807 B 1 8 15 42 6 13 20 31 21 49
4808 B 3 3 45 48 5
4809 C 1 2 30 26
4810 B 1 1 44
4811 A 1 4 34 23 42 44
4812 B 1 5 20 16 24 49 25
4813 C 1 4 35 7 42 40
4814 B 1 6 10 46 12 41 36 8
4815 C 1 9 22 10 6 17 49 14 32 39 29
4816 A 3 4 13 11 39 38
4817 C 1 3 31 17 15
4818 B 1 4 40 34 5 30
4819 B 3 3 31 29 30
4820 B 1 6 46 45 21 40 29 37
4821 C 1 6 34 19 38 40 39 18
4822 B 1 5 42 37 46 27 18
4823 A 3 7 34 21 22 13 31 15 38
4824 C 1 4 13 11 16 23
4825 C 1 5 28 29 37 49 27
4826 B 1 2 3 11
4827 B 1 3 43 25 11
4828 C 1 2 38 24
4829 B 1 4 22 9 21 0
4830 B 3 4 33 21 17 37
4831 C 1 9 33 25 41 39 1 27 6 7 17
4832 B 3 4 5 40 49 4
4833 B 3 6 5 10 13 8 38 47
4834 C 1 1 34
4835 B 1 5 24 10 25 6 9
4836 B 1 4 7 36 27 45
4837 C 1 4 7 35 34 44
4838 B 1 3 26 19 30
4839 C 1 2 32 47
4840 B 1 1 44
4841 B 1 4 9 46 10 34
4842 B 3 5 31 9 39 49 35
4843 C 1 4 42 40 30 24
4844 A 3 6 22 33 10 32 18 43
4845 B 1 1 17
4846 B 3 3 38 30 16
4847 B 1 5 19 8 9 25 16
4848 B 3 3 36 6 40
4849 B 3 6 24 2 9 30 4 20
4850 C 1 1 14
4851 C 3 4 25 41 19 40
4852 B 1 3 3 36 0
4853 B 1 3 16 21 9
4854 C 3 4 4 15 25 9
4855 C 1 5 14 44 41 26 46
4856 C 1 2 11 26
4857 C 1 2 20 3
4858 B 1 4 38 22 15 26
4859 C 1 4 22 15 46 24
4860 C 1 1 32
4861 C 3 3 1 37 12
4862 C 1 3 39 27 4
4863 B 1 1 18
4864 B 1 5 27 41 6 21 35
4865 C 1 5 39 14 25 33 38
4866 B 1 6 33 19 26 8 13 24
4867 B 1 6 41 8 12 14 7 34
4868 B 3 4 26 47 12 33
4869 C 1 6 40 11 41 39 22 45
4870 C 1 6 34 45 49 18 20 10
4871 C 1 4 3 18 6 16
4872 B 1 4 24 8 43 37
4873 B 1 2 39 35
4874 C 1 9 44 3 24 23 12 9 43 45 0
4875 C 1 7 46 10 11 39 22 25 32
4876 B 1 2 47 38
4877 B 1 1 0
4878 A 1 3 6 2 32
4879 C 1 5 44 11 48 35 37
4880 C 1 4 36 38 0 12
4881 C 1 6 25 10 38 46 35 16
4882 B 1 2 38 25
4883 B 3 3 26 11 33
4884 B 1 4 4 38 33 47
4885 A 3 3 1 23 49
4886 B 1 4 45 25 39 48
4887 C 1 1 30
4888 C 1 1 11
4889 C 1 3 37 18 1
4890 B 3 5 33 49 35 9 27
4891 C 1 7 28 17 31 39 36 18 3
4892 C 1 6 8 1 24 6 0 43
4893 A 3 4 10 44 5 30
4894 B 1 1 9
4895 B 1 3 39 34 6
4896 B 3 5 29 27 0 5 31
4897 A 1 1 31
4898 B 1 4 1 0 31 23
4899 C 1 3 23 26 0
4900 C 1 4 28 17 3 34
4901 C 1 2 10 29
4902 C 1 2 48 49
4903 C 1 2 14 5
4904 B 1 4 28 34 37 29
4905 C 1 6 3 30 17 19 15 7
4906 C 1 1 40
4907 C 1 7 26 20 47 19 41 24 23
4908 B 1 4 7 46 16 28
4909 C 1 6 33 6 8 3 9 42
4910 C 1 3 1 27 29
4911 B 1 2 17 16
4912 B 1 5 16 47 32 23 49
4913 C 1 5 35 39 14 3 32
4914 B 1 4 29 1 44 45
4915 B 1 7 0 43 38 1 39 25 12
4916 C 3 3 14 31 17
4917 C 3 5 3 16 41 15 6
4918 B 1 7 12 45 8 16 40 24 26
4919 B 1 7 1 46 5 34 41 29 12
4920 C 1 3 20 28 43
4921 C 1 2 22 37
4922 B 1 5 39 5 29 44 8
4923 B 1 2 6 36
4924 A 3 7 4 22 1 9 41 45 15
4925 A 3 3 46 5 28
4926 C 3 5 8 25 21 13 7
4927 A 3 5 27 11 10 31 39
4928 C 1 6 26 34 19 8 43 21
4929 B 1 9 42 38 9 7 15 40 34 44 2
4930 A 1 5 18 4 48 44 47
4931 B 3 4 1 42 45 18
4932 B 1 2 36 13
4933 A 1 8 4 2 19 29 40 3 10 11
4934 B 3 9 29 47 23 37 43 24 31 2 21
4935 A 1 5 9 8 41 45 19
4936 C 1 4 43 40 49 1
4937 C 3 3 28 30 3
4938 C 1 3 5 35 36
4939 C 1 4 11 22 5 28
4940 C 1 4 32 14 38 34
4941 B 1 3 36 49 45
4942 B 3 3 8 12 33
4943 B 1 6 16 18 21 36 46 0
4944 B 1 5 9 25 8 14 23
4945 B 1 4 31 21 15 30
4946 B 1 8 9 12 16 5 37 6 25 33
