7689
9345
9179
2046
7436
5842
4719
5636
1673
285
6637
688
2850
7746
1300
4503
8804
7419
724
4059
2014
1052
7959
2642
6103
2109
6247
4133
5486
6013
5405
9420
2466
547
5051
2517
7739
6309
2978
9284
2941
2767
9967
5855
7880
6745
80
6969
391
8058
9219
4291
5787
7183
6104
4652
6264
8037
5059
8423
1642
2894
5633
9117
3756
8566
2317
7634
9589
6102
5037
7861
6972
2226
9636
5778
5975
2482
671
7675
6270
2300
7981
4142
3439
4731
2787
7809
8290
776
8220
2834
9131
6486
8897
4102
5170
3855
3496
948
8657
3591
3853
5515
4408
6815
9540
4007
3927
6525
5316
2252
8260
3615
6338
2362
2167
8282
3602
8942
2304
3959
5783
1015
6432
5865
8108
3422
3643
14
3430
9291
2414
484
6739
5751
4915
6358
5954
1415
3381
1759
5764
2277
6452
9295
4776
9907
8062
3948
1602
1326
4320
865
1727
2628
8883
1197
4546
319
2971
5068
872
9180
2689
7820
575
4820
4482
4508
6295
2698
6502
5195
238
2454
8203
4098
5653
9243
3463
9147
3
378
9033
5709
7223
8967
2839
9597
3766
6216
8768
8869
1609
2235
6624
3723
2413
3833
4492
9824
9681
6903
9133
9051
483
6366
35
9253
6805
5907
4535
3133
7668
7163
3001
8818
2303
6175
8093
5085
2069
317
5793
374
1873
5876
6672
1134
3337
282
2116
777
1337
6405
3278
4403
7833
2202
6753
7994
6693
9647
8374
8318
8403
4103
3403
5201
1091
4398
807
1772
5319
1943
5412
2205
6646
1362
7136
9634
321
3328
4254
7101
8752
5780
8770
7544
7957
6538
4571
3842
9630
9379
1141
4517
43
7783
6974
8853
4376
4722
9924
8209
1789
4242
9562
2687
1221
797
1824
835
2141
8278
3878
2225
7373
7627
62
8579
8742
1241
4396
3543
2570
9400
6248
7099
3716
5134
2092
3165
9457
5768
6047
5516
9532
5110
3247
6388
4982
8479
7331
954
8934
5333
2981
8349
2493
4041
1313
5232
5648
7779
858
4390
5053
8759
8254
3962
4065
5689
6429
3097
223
9637
5604
5580
7547
3294
269
3500
6085
7910
7010
9904
9346
7531
6738
7336
1603
6276
3901
9918
1285
6510
9385
8822
1540
8204
2994
5747
6659
9722
7643
5816
4367
791
2609
855
8064
2674
2505
7421
6591
6604
7396
5635
5581
392
5643
1247
4182
1581
5272
3589
5673
5098
5746
8153
1693
8223
3807
8635
3987
2987
9931
7042
309
2704
1734
288
3712
6228
3075
7070
9680
8025
4925
891
1662
7280
3365
4126
6274
208
2768
2906
5289
1882
4965
1363
1041
3970
8347
1565
2682
2128
8603
3489
157
3692
318
4191
6310
3249
2410
2857
4124
3867
8005
6623
9758
5400
3849
566
7206
1685
9825
1814
3676
4715
8431
766
5757
4529
8126
9539
2031
612
9113
4727
2679
9242
9139
5490
6673
2639
8500
1773
9626
8483
7235
6702
8140
7275
6949
588
8546
7838
7819
7690
7377
6566
3035
6010
2619
785
6332
5797
6560
5256
6014
4322
3884
6681
2237
2935
7776
5947
1111
9123
7357
2401
1436
300
9477
8802
2246
7298
7164
1504
4630
7932
1389
52
2571
8968
3552
6397
1203
4037
7271
2620
9267
5001
8352
1931
864
6522
5961
1020
3871
3639
5530
8995
1621
6004
83
4279
906
2223
5179
1144
6205
8492
5864
1061
9258
8152
4618
8751
7324
172
3700
5525
8957
7020
1001
7493
2957
7197
9250
7121
1099
4057
9570
5523
4921
3727
280
2268
8981
9183
162
6059
8284
2316
4152
8029
6418
6636
5029
6071
795
1741
6271
9389
4572
6703
6982
205
9552
1568
848
2550
7175
6289
1479
6445
3054
3779
9177
4162
8963
7319
3413
8135
2197
4227
2720
7756
8180
6458
1392
901
466
1659
2219
3597
5401
9251
7705
5318
8105
5557
8637
9927
6685
1212
9171
5402
9484
7292
5310
2334
8404
5828
237
5299
5279
3051
8811
7203
2925
8627
6654
4020
1523
7961
8665
1833
8690
3362
7288
4533
6550
5060
5767
7410
576
488
9729
9781
1991
4956
9811
299
9333
7151
6153
5945
2800
6850
4512
6691
9305
7670
6241
3514
4001
9235
233
7409
9045
682
7745
9353
6878
7482
7923
3811
1009
7451
2435
665
1182
3239
9269
6497
8784
1992
3441
4056
6900
9774
4393
8191
1901
3875
3079
6145
8550
7674
232
1884
1071
5262
7212
4932
6533
8886
3560
4364
4591
9611
3999
4898
5461
8844
7188
8125
7375
2424
847
1283
4221
8854
659
8547
2241
2886
6460
3056
9376
4150
3333
8082
4896
1869
5905
3164
3741
9523
8898
9561
6701
2136
6067
9872
6627
5223
5003
2924
443
8007
9237
1543
9158
8413
918
4236
7011
3680
4259
1984
1567
7071
1934
5090
900
8732
6561
2548
1770
928
3809
5732
325
3263
1619
8488
1316
8391
5968
7427
1554
8586
7901
9302
1290
4636
1564
4036
4824
3225
1502
6498
3089
6990
1148
6819
2917
7196
9279
3070
5103
5444
4087
8526
1246
2531
1464
4395
1949
2741
7953
1442
3346
4688
768
559
5340
7143
7256
3533
5036
779
6700
6822
9022
8232
9895
7557
8375
897
6747
1655
1550
536
2606
9009
3898
3525
1417
3233
3455
5044
5167
1093
3186
7640
8702
8990
9902
9903
7238
2833
4613
947
8166
5460
8557
7887
4996
9075
3624
1912
20
9956
8791
5099
5252
1576
264
9560
4335
6724
4456
9252
3840
7759
9027
4790
4997
2887
6307
8961
6981
4210
2185
314
1081
7267
3858
7082
2566
4862
2510
9432
7892
4119
5503
4676
5365
3703
9693
7966
1060
4675
4853
4596
8520
2019
4248
451
9383
8422
5534
5234
1849
8910
7484
4090
2672
980
3802
8155
65
5172
3006
7791
6232
1223
9735
2479
1102
255
8914
9874
4959
4024
7796
8035
5383
5910
8599
6831
8569
2306
1930
4576
6173
4042
7486
2360
3268
6849
3690
6299
1351
4283
3917
7328
1186
4108
6846
8641
5933
2415
4534
7768
2096
5076
7736
5040
4360
1793
